/*--------------------------------*- C++ -*----------------------------------*\
| =========                 |                                                 |
| \\      /  F ield         | OpenFOAM: The Open Source CFD Toolbox           |
|  \\    /   O peration     | Version:  2.4.x                                 |
|   \\  /    A nd           | Web:      www.OpenFOAM.org                      |
|    \\/     M anipulation  |                                                 |
\*---------------------------------------------------------------------------*/
FoamFile
{
    version     2.0;
    format      ascii;
    class       volScalarField;
    location    "10";
    object      gradTz;
}
// * * * * * * * * * * * * * * * * * * * * * * * * * * * * * * * * * * * * * //

dimensions      [0 -1 0 1 0 0 0];

internalField   nonuniform List<scalar> 
6768
(
3999.99
-3999.99
3999.93
3999.93
-3999.93
-3999.93
3999.93
3999.64
3999.82
-3999.93
-3999.64
-3999.82
3999.53
3999.13
3999.18
3999.7
-3999.53
-3999.13
-3999.18
-3999.7
3999.53
3998.56
3997.78
3998.79
3999.65
-3999.53
-3998.56
-3997.78
-3998.79
-3999.65
3999.37
3998.4
3996.42
3997.36
3995.54
3998.75
3999.54
-3999.37
-3998.4
-3996.42
-3997.36
-3995.54
-3998.75
-3999.54
3999.04
3997.49
3994.58
3993.3
3998.06
3995.84
3992.97
3999.28
-3999.04
-3997.49
-3994.58
-3993.3
-3998.06
-3995.84
-3992.97
-3999.28
3998.74
3996.62
3993.03
3990.91
3989.5
3997.32
3994.36
3989.92
3999.05
-3998.74
-3996.62
-3993.03
-3990.91
-3989.5
-3997.32
-3994.36
-3989.92
-3999.05
3998.48
3995.82
3991.57
3988.86
3986.42
3983.84
3996.65
3993.63
3991.38
3985.8
3998.8
-3998.48
-3995.82
-3991.57
-3988.86
-3986.42
-3983.84
-3996.65
-3993.63
-3991.38
-3985.8
-3998.8
3998.26
3995.07
3990.07
3986.67
3984.7
3980.78
3978.87
3976
3995.8
3994.69
3989.16
3982.46
3998.44
-3998.26
-3995.07
-3990.07
-3986.67
-3984.7
-3980.78
-3978.87
-3976
-3995.8
-3994.69
-3989.16
-3982.46
-3998.44
3998.15
3994.4
3988.63
3984.13
3981.06
3974.07
3974.51
3970.67
3968.08
3998.06
3993.68
3987.25
3979.62
-3998.15
-3994.4
-3988.63
-3984.13
-3981.06
-3974.07
-3974.51
-3970.67
-3968.08
-3998.06
-3993.68
-3987.25
-3979.62
3998.26
3994.05
3987.74
3981.62
3977.16
3969.32
3966.32
3970.61
3965.18
3961.55
3959.79
3997.75
3992.93
3985.78
3977.31
-3998.26
-3994.05
-3987.74
-3981.62
-3977.16
-3969.32
-3966.32
-3970.61
-3965.18
-3961.55
-3959.79
-3997.75
-3992.93
-3985.78
-3977.31
3998.23
3994.7
3992.89
3985
3978.92
3973.41
3964.26
3960.73
3967.35
3959.8
3954.49
3951.63
3951.52
3997.68
3992.67
3985.23
3975.18
-3998.23
-3994.7
-3992.89
-3985
-3978.92
-3973.41
-3964.26
-3960.73
-3967.35
-3959.8
-3954.49
-3951.63
-3951.52
-3997.68
-3992.67
-3985.23
-3975.18
3997.43
3991.79
3983.3
3975.94
3969.48
3959.03
3954.13
3966.12
3954.83
3947.15
3942.52
3941.07
3942.88
3997.85
3993.59
3991.55
3982.37
3972.19
-3997.43
-3991.79
-3983.3
-3975.94
-3969.48
-3959.03
-3954.13
-3966.12
-3954.83
-3947.15
-3942.52
-3941.07
-3942.88
-3997.85
-3993.59
-3991.55
-3982.37
-3972.19
3997.33
3991.48
3982.82
3973.36
3965.55
3953.84
3947.38
3960.4
3946.54
3939.21
3932.85
3929.15
3929.88
3934.38
3997.72
3997.09
3990.34
3980.42
3968.71
-3997.33
-3991.48
-3982.82
-3973.36
-3965.55
-3953.84
-3947.38
-3960.4
-3946.54
-3939.21
-3932.85
-3929.15
-3929.88
-3934.38
-3997.72
-3997.09
-3990.34
-3980.42
-3968.71
3997.57
3992.7
3990.58
3980.13
3970.83
3961.75
3948.76
3940.76
3955
3939.71
3930.74
3923.04
3916.95
3912.87
3919.87
3926.27
3996.85
3990.02
3979.62
3965.09
-3997.57
-3992.7
-3990.58
-3980.13
-3970.83
-3961.75
-3948.76
-3940.76
-3955
-3939.71
-3930.74
-3923.04
-3916.95
-3912.87
-3919.87
-3926.27
-3996.85
-3990.02
-3979.62
-3965.09
3997.46
3997
3989.97
3979.71
3968.31
3958.09
3943.83
3934.24
3949.95
3933.43
3922.75
3913.43
3905.64
3899.14
3905.38
3890.1
3910.55
3918.18
3997.13
3991.54
3890.43
3975.76
3961.15
-3997.46
-3997
-3989.97
-3979.71
-3968.31
-3958.09
-3943.83
-3934.24
-3949.95
-3933.43
-3922.75
-3913.43
-3905.64
-3899.14
-3905.38
-3890.1
-3910.55
-3918.18
-3997.13
-3991.54
-3890.43
-3975.76
-3961.15
3997.13
3991.28
3988.64
3976.77
3966.09
3954.72
3939.26
3927.8
3945.23
3927.72
3915.21
3904.11
3894.66
3887.1
3881.64
3893.5
3874.48
3864.85
3900.57
3909.96
3997.32
3996.32
4561.92
3986.55
3972.86
3957.79
-3997.13
-3991.28
-3988.64
-3976.77
-3966.09
-3954.72
-3939.26
-3927.8
-3945.23
-3927.72
-3915.21
-3904.11
-3894.66
-3887.1
-3881.64
-3893.5
-3874.48
-3864.85
-3900.57
-3909.96
-3997.32
-3996.32
-4561.92
-3986.55
-3972.86
-3957.79
3996.92
3996.12
3987.2
3975.19
3964.24
3952.27
3936.02
3921.54
3941.22
3922.9
3908.24
3895.12
3883.75
3874.35
3867.34
3881.39
3860.88
3855.61
3845.69
3839.59
3890.37
3901.5
3995.3
3985.09
3970.88
3955.33
-3996.92
-3996.12
-3987.2
-3975.19
-3964.24
-3952.27
-3936.02
-3921.54
-3941.22
-3922.9
-3908.24
-3895.12
-3883.75
-3874.35
-3867.34
-3881.39
-3860.88
-3855.61
-3845.69
-3839.59
-3890.37
-3901.5
-3995.3
-3985.09
-3970.88
-3955.33
3995.64
3986.41
3974.13
3962.29
3952.71
3947.34
3928.64
3914.66
3938.3
3919.75
3902.12
3886.58
3873.12
3861.66
3852.41
3869.15
3846.11
3838.83
3828.81
3821.62
3813.09
3879.89
3892.62
3994.91
3984.47
3969.98
3954.04
-3995.64
-3986.41
-3974.13
-3962.29
-3952.71
-3947.34
-3928.64
-3914.66
-3938.3
-3919.75
-3902.12
-3886.58
-3873.12
-3861.66
-3852.41
-3869.15
-3846.11
-3838.83
-3828.81
-3821.62
-3813.09
-3879.89
-3892.62
-3994.91
-3984.47
-3969.98
-3954.04
3995.36
3986.11
3974.11
3960.37
3944.6
3924.63
3907.18
3936.76
3920.93
3897.89
3878.48
3862.78
3849.3
3837.89
3856.64
3831.55
3820.72
3812.36
3803.68
3798.94
3792.28
3780.44
3869.24
3883.52
3995.02
3984.92
3971.08
3952.8
-3995.36
-3986.11
-3974.11
-3960.37
-3944.6
-3924.63
-3907.18
-3936.76
-3920.93
-3897.89
-3878.48
-3862.78
-3849.3
-3837.89
-3856.64
-3831.55
-3820.72
-3812.36
-3803.68
-3798.94
-3792.28
-3780.44
-3869.24
-3883.52
-3995.02
-3984.92
-3971.08
-3952.8
3995.7
3986.33
3976.18
3960.89
3945.23
3938.01
3915.78
3899.43
3935.16
3913.85
3886.37
3869.29
3852.32
3837.12
3823.72
3844.34
3817.84
3804.36
3796.38
3784.68
3776.82
3775.02
3760.25
3744.08
3858.65
3874.24
3995.72
3987.57
3984.58
3968.28
3951.26
-3995.7
-3986.33
-3976.18
-3960.89
-3945.23
-3938.01
-3915.78
-3899.43
-3935.16
-3913.85
-3886.37
-3869.29
-3852.32
-3837.12
-3823.72
-3844.34
-3817.84
-3804.36
-3796.38
-3784.68
-3776.82
-3775.02
-3760.25
-3744.08
-3858.65
-3874.24
-3995.72
-3987.57
-3984.58
-3968.28
-3951.26
3995.59
3985.83
3972.44
3956.65
3954.11
3934.56
3908.53
3890.82
3935.08
3926.46
3902.34
3875.97
3858.49
3841.3
3824.92
3809.9
3832.53
3805.17
3789.76
3781.16
3767.06
3753.27
3760.13
3743.83
3726.88
3702.25
3713.1
3848.27
3864.99
3995.74
3995.26
3983.95
3968.16
3947.67
-3995.59
-3985.83
-3972.44
-3956.65
-3954.11
-3934.56
-3908.53
-3890.82
-3935.08
-3926.46
-3902.34
-3875.97
-3858.49
-3841.3
-3824.92
-3809.9
-3832.53
-3805.17
-3789.76
-3781.16
-3767.06
-3753.27
-3760.13
-3743.83
-3726.88
-3702.25
-3713.1
-3848.27
-3864.99
-3995.74
-3995.26
-3983.95
-3968.16
-3947.67
3995.27
3984.52
3970.21
3969.38
3955.95
3951.06
3926.3
3900.96
3882.64
3942.06
3919.12
3894
3866.97
3848.03
3829.9
3812.58
3796.29
3821.28
3793.28
3776.58
3766.43
3751.11
3735.8
3747.01
3729.09
3711.87
3696.83
3664.94
3667.98
3678.93
3707.37
3838.25
3856.1
3995.27
3986.11
3981.88
3962.89
-3995.27
-3984.52
-3970.21
-3969.38
-3955.95
-3951.06
-3926.3
-3900.96
-3882.64
-3942.06
-3919.12
-3894
-3866.97
-3848.03
-3829.9
-3812.58
-3796.29
-3821.28
-3793.28
-3776.58
-3766.43
-3751.11
-3735.8
-3747.01
-3729.09
-3711.87
-3696.83
-3664.94
-3667.98
-3678.93
-3707.37
-3838.25
-3856.1
-3995.27
-3986.11
-3981.88
-3962.89
3994.88
3983.73
3983.35
3969.01
3970.28
3964.5
3943.13
3919.53
3894.33
3874.81
3959.34
3937.36
3913.23
3886.99
3858.9
3838.25
3818.73
3800.23
3782.77
3810.53
3781.92
3764.54
3751.78
3735.44
3720.45
3735.69
3716.32
3695.85
3678.61
3632.03
3644.3
3629.47
3643.05
3629.25
3688.92
3655.56
3828.58
3847.59
3995.02
3993.69
3979.33
-3994.88
-3983.73
-3983.35
-3969.01
-3970.28
-3964.5
-3943.13
-3919.53
-3894.33
-3874.81
-3959.34
-3937.36
-3913.23
-3886.99
-3858.9
-3838.25
-3818.73
-3800.23
-3782.77
-3810.53
-3781.92
-3764.54
-3751.78
-3735.44
-3720.45
-3735.69
-3716.32
-3695.85
-3678.61
-3644.3
-3629.47
-3632.03
-3643.05
-3629.25
-3688.92
-3655.56
-3828.58
-3847.59
-3995.02
-3993.69
-3979.33
3994.69
3994.66
3983.23
3981.98
3979.75
3960.41
3938.52
3914.62
3888.9
3867.67
3977.73
3956.82
3933.84
3908.42
3880.86
3851.54
3829.16
3808.05
3788.13
3769.37
3800.07
3770.64
3752.64
3737.23
3719.53
3703.26
3723
3709.69
3680.85
3660.55
3599.88
3599.51
3623.05
3607.94
3619.06
3606.24
3669.59
3633.9
3819.27
3839.61
3992.81
-3994.69
-3994.66
-3983.23
-3981.98
-3979.75
-3960.41
-3938.52
-3914.62
-3888.9
-3867.67
-3977.73
-3956.82
-3933.84
-3908.42
-3880.86
-3851.54
-3829.16
-3808.05
-3788.13
-3769.37
-3800.07
-3770.64
-3752.64
-3737.23
-3719.53
-3703.26
-3723
-3709.69
-3680.85
-3660.55
-3623.05
-3607.94
-3599.88
-3599.51
-3619.06
-3606.24
-3669.59
-3633.9
-3819.27
-3839.61
-3992.81
3994.45
3993.64
3993.09
3978.15
3958
3935.9
3911.52
3884.52
3861.23
3992.42
3976.97
3955.57
3931.45
3904.17
3875.21
3844.64
3820.66
3797.91
3776.43
3756.21
3789.87
3759.4
3740.24
3722.96
3703.73
3685.85
3708.56
3691.89
3658
3640.89
3563.5
3569.43
3568
3601.65
3583.57
3595.84
3580.13
3650.46
3613.07
3810.34
3832.03
-3994.45
-3993.64
-3993.09
-3978.15
-3958
-3935.9
-3911.52
-3884.52
-3861.23
-3992.42
-3976.97
-3955.57
-3931.45
-3904.17
-3875.21
-3844.64
-3820.66
-3797.91
-3776.43
-3756.21
-3789.87
-3759.4
-3740.24
-3722.96
-3703.73
-3685.85
-3708.56
-3691.89
-3658
-3640.89
-3601.65
-3583.57
-3569.43
-3563.5
-3568
-3595.84
-3580.13
-3650.46
-3613.07
-3810.34
-3832.03
3992.54
3977.38
3957.1
3935.63
3911.42
3879.23
3854.9
3992.5
3977.68
3956.99
3928.83
3900.2
3869.89
3837.98
3812.59
3788.33
3765.27
3743.47
3779.98
3748.51
3727.74
3709.15
3688.28
3668.68
3694.75
3675.27
3640.02
3620.66
3523.13
3524.07
3539.95
3537.11
3581.42
3560.69
3555.5
3573.53
3631.82
3592.89
3801.7
3824.46
-3992.54
-3977.38
-3957.1
-3935.63
-3911.42
-3879.23
-3854.9
-3992.5
-3977.68
-3956.99
-3928.83
-3900.2
-3869.89
-3837.98
-3812.59
-3788.33
-3765.27
-3743.47
-3779.98
-3748.51
-3727.74
-3709.15
-3688.28
-3668.68
-3694.75
-3675.27
-3640.02
-3620.66
-3581.42
-3560.69
-3539.95
-3524.07
-3523.13
-3537.11
-3573.53
-3555.5
-3631.82
-3592.89
-3801.7
-3824.46
3992.53
3977.54
3957.95
3939.72
3932.37
3902.97
3872.48
3848.22
3993.76
3981.53
3976.99
3952.65
3926.36
3896.82
3864.51
3831.36
3804.81
3779.19
3754.64
3731.27
3770.37
3737.94
3715.82
3695.86
3673.34
3651.97
3681.82
3660.28
3624.21
3602.63
3483.06
3466.92
3486.25
3517.17
3513.35
3563.29
3539.9
3532.17
3551.61
3613.82
3573.42
3793.19
3816.96
-3992.53
-3977.54
-3957.95
-3939.72
-3932.37
-3902.97
-3872.48
-3848.22
-3993.76
-3981.53
-3976.99
-3952.65
-3926.36
-3896.82
-3864.51
-3831.36
-3804.81
-3779.19
-3754.64
-3731.27
-3770.37
-3737.94
-3715.82
-3695.86
-3673.34
-3651.97
-3681.82
-3660.28
-3624.21
-3602.63
-3563.29
-3539.9
-3517.17
-3486.25
-3466.92
-3483.06
-3513.35
-3551.61
-3532.17
-3613.82
-3573.42
-3793.19
-3816.96
3993.02
3978.72
3959.68
3953.77
3926.77
3896.9
3866.27
3841.39
3993.68
3992.33
3975.83
3953.15
3927.58
3892.24
3858.69
3824.83
3797.25
3770.41
3744.46
3719.58
3760.99
3727.74
3704.33
3683.26
3659.09
3635.95
3669.52
3646.49
3610.05
3586.7
3476.33
3439.45
3423.83
3427.92
3398.53
3446.22
3477.32
3495.14
3490.71
3547.76
3521.2
3507.29
3530.29
3596.66
3555.12
3784.95
3809.63
-3993.02
-3978.72
-3959.68
-3953.77
-3926.77
-3896.9
-3866.27
-3841.39
-3993.68
-3992.33
-3975.83
-3953.15
-3927.58
-3892.24
-3858.69
-3824.83
-3797.25
-3770.41
-3744.46
-3719.58
-3760.99
-3727.74
-3704.33
-3683.26
-3659.09
-3635.95
-3669.52
-3646.49
-3610.05
-3586.7
-3547.76
-3521.2
-3495.14
-3477.32
-3427.92
-3446.22
-3398.53
-3423.83
-3439.45
-3476.33
-3490.71
-3530.29
-3507.29
-3596.66
-3555.12
-3784.95
-3809.63
3994.11
3982.46
3977.9
3976.63
3953.01
3922.1
3891.68
3860.74
3834.9
3992.49
3977.76
3960.82
3950.18
3918.72
3886.2
3852.94
3818.65
3789.97
3761.99
3734.79
3708.5
3752.03
3718.05
3693.38
3671.2
3645.55
3620.75
3657.87
3633.64
3596.81
3572.8
3455.6
3416.23
3389.35
3364.09
3369.63
3400.93
3336.75
3441.04
3473.39
3456.05
3507.11
3535.91
3483.75
3510.32
3580.86
3539.18
3777.03
3802.66
-3994.11
-3982.46
-3977.9
-3976.63
-3953.01
-3922.1
-3891.68
-3860.74
-3834.9
-3992.49
-3977.76
-3960.82
-3950.18
-3918.72
-3886.2
-3852.94
-3818.65
-3789.97
-3761.99
-3734.79
-3708.5
-3752.03
-3718.05
-3693.38
-3671.2
-3645.55
-3620.75
-3657.87
-3633.64
-3596.81
-3572.8
-3535.91
-3507.11
-3473.39
-3441.04
-3369.63
-3400.93
-3336.75
-3364.09
-3389.35
-3416.23
-3455.6
-3456.05
-3510.32
-3483.75
-3580.86
-3539.18
-3777.03
-3802.66
3993.91
3993.14
3993.32
3979.75
3973.7
3946.29
3917.21
3886.98
3855.76
3828.92
3994.11
3982.52
3875.43
3972.55
3944.19
3913.61
3881.53
3848.02
3813.09
3783.09
3753.86
3725.42
3697.83
3743.45
3708.71
3682.93
3659.7
3632.78
3606.68
3646.63
3621.29
3583.82
3559.68
3401.27
3364.08
3332.86
3303.56
3309.48
3344.5
3382.07
3274.77
3420.53
3461.47
3439.14
3503.94
3523.18
3459.11
3494.37
3566.9
3527.24
3769.47
3796.18
-3993.91
-3993.14
-3993.32
-3979.75
-3973.7
-3946.29
-3917.21
-3886.98
-3855.76
-3828.92
-3994.11
-3982.52
-3875.43
-3972.55
-3944.19
-3913.61
-3881.53
-3848.02
-3813.09
-3783.09
-3753.86
-3725.42
-3697.83
-3743.45
-3708.71
-3682.93
-3659.7
-3632.78
-3606.68
-3646.63
-3621.29
-3583.82
-3559.68
-3523.18
-3503.94
-3461.47
-3420.53
-3382.07
-3309.48
-3344.5
-3274.77
-3303.56
-3332.86
-3364.08
-3401.27
-3439.14
-3459.11
-3494.37
-3566.9
-3527.24
-3769.47
-3796.18
3992.8
3990.97
3970.42
3942.77
3913.56
3883.08
3851.48
3823.54
3994.74
3992.61
4559.92
3990.48
3969.76
3941.19
3910.74
3878.26
3843.92
3808.14
3776.76
3746.15
3716.42
3687.58
3735.16
3699.72
3672.81
3648.47
3620.44
3593.44
3635.72
3609.24
3570.7
3545.46
3344.23
3393.79
3305.78
3272.2
3240.8
3246.87
3283.91
3322.32
3362.51
3210.62
3405.61
3453.19
3489.94
3504.94
3436.64
3492.32
3553.75
3515.05
3762.32
3790.18
-3992.8
-3990.97
-3970.42
-3942.77
-3913.56
-3883.08
-3851.48
-3823.54
-3994.74
-3992.61
-4559.92
-3990.48
-3969.76
-3941.19
-3910.74
-3878.26
-3843.92
-3808.14
-3776.76
-3746.15
-3716.42
-3687.58
-3735.16
-3699.72
-3672.81
-3648.47
-3620.44
-3593.44
-3635.72
-3609.24
-3570.7
-3545.46
-3504.94
-3489.94
-3453.19
-3405.61
-3362.51
-3322.32
-3246.87
-3283.91
-3210.62
-3240.8
-3272.2
-3305.78
-3344.23
-3393.79
-3436.64
-3492.32
-3553.75
-3515.05
-3762.32
-3790.18
3989.85
3968.57
3940.42
3910.78
3879.88
3847.75
3818.72
3989.75
3968.97
3940.6
3909.83
3875.79
3840.34
3803.76
3771.02
3738.93
3707.77
3677.61
3727.32
3691.07
3663.02
3637.47
3608.18
3580.28
3625.06
3597.39
3557.84
3530.7
3280.29
3321.94
3363.51
3242.7
3208.06
3175.27
3181.49
3220.05
3259.64
3300.9
3344.98
3143.77
3394.11
3488.43
3448.81
3451.38
3479.66
3396.49
3539.46
3497.57
3755.64
3784.69
-3989.85
-3968.57
-3940.42
-3910.78
-3879.88
-3847.75
-3818.72
-3989.75
-3968.97
-3940.6
-3909.83
-3875.79
-3840.34
-3803.76
-3771.02
-3738.93
-3707.77
-3677.61
-3727.32
-3691.07
-3663.02
-3637.47
-3608.18
-3580.28
-3625.06
-3597.39
-3557.84
-3530.7
-3488.43
-3448.81
-3394.11
-3344.98
-3300.9
-3259.64
-3181.49
-3220.05
-3143.77
-3175.27
-3208.06
-3242.7
-3280.29
-3321.94
-3363.51
-3451.38
-3396.49
-3479.66
-3539.46
-3497.57
-3755.64
-3784.69
3989.33
3967.48
3938.86
3908.73
3877.3
3844.45
3814.32
3990.16
3970.47
3944.25
3909.02
3873.79
3836.89
3800.27
3766.32
3732.32
3699.54
3667.95
3719.86
3682.8
3653.54
3626.7
3596.01
3566.73
3614.65
3585.81
3545.35
3517.11
3213.84
3253.51
3294.2
3333.49
3176.37
3140.85
3106.82
3113.34
3153.39
3194.27
3236.37
3280.32
3327.1
3074
3376.67
3431.4
3476.02
3478.3
3428.56
3372.16
3523.8
3749.39
3779.57
-3989.33
-3967.48
-3938.86
-3908.73
-3877.3
-3844.45
-3814.32
-3990.16
-3970.47
-3944.25
-3909.02
-3873.79
-3836.89
-3800.27
-3766.32
-3732.32
-3699.54
-3667.95
-3719.86
-3682.8
-3653.54
-3626.7
-3596.01
-3566.73
-3614.65
-3585.81
-3545.35
-3517.11
-3476.02
-3431.4
-3327.1
-3376.67
-3280.32
-3236.37
-3194.27
-3113.34
-3153.39
-3074
-3106.82
-3140.85
-3176.37
-3213.84
-3253.51
-3294.2
-3333.49
-3478.3
-3428.56
-3372.16
-3523.8
-3749.39
-3779.57
3989.13
3966.92
3937.88
3907.37
3875.12
3841.41
3810.29
3991.62
3976.04
3970.7
3941.51
3910.07
3870.4
3833.37
3797.96
3764.06
3727.06
3691.94
3658.61
3712.81
3674.89
3644.38
3616.17
3584.06
3553.14
3604.44
3574.21
3532.13
3504.49
3145.28
3184.86
3225.75
3267.47
3310.75
3107.27
3070.69
3035.38
3042.17
3083.69
3125.86
3168.92
3213.15
3258.69
3304.63
3001.18
3410.94
3439.03
3347.63
3467.75
3508.58
3462.13
3413.43
3358.34
3743.49
3774.77
-3989.13
-3966.92
-3937.88
-3907.37
-3875.12
-3841.41
-3810.29
-3991.62
-3976.04
-3970.7
-3941.51
-3910.07
-3870.4
-3833.37
-3797.96
-3764.06
-3727.06
-3691.94
-3658.61
-3712.81
-3674.89
-3644.38
-3616.17
-3584.06
-3553.14
-3604.44
-3574.21
-3532.13
-3504.49
-3467.75
-3439.03
-3258.69
-3304.63
-3410.94
-3347.63
-3213.15
-3168.92
-3125.86
-3042.17
-3083.69
-3001.18
-3035.38
-3070.69
-3107.27
-3145.28
-3184.86
-3225.75
-3267.47
-3310.75
-3508.58
-3462.13
-3413.43
-3358.34
-3743.49
-3774.77
3989.19
3967.04
3937.99
3906.8
3872.94
3838.43
3806.51
3992.03
3990.73
3969.51
3945.82
3937.15
3901.73
3865.48
3829.2
3793.08
3767.45
3725.25
3685.18
3649.64
3706.06
3667.39
3635.61
3605.77
3572.33
3540.05
3594.85
3562.63
3518.21
3488.07
3074.4
3114.64
3156.14
3198.99
3243.75
3291.86
3035.39
2997.56
2960.87
2968.04
3011.23
3054.89
3099.17
3144.16
3189.86
3235.97
3281.68
2925.27
3452.46
3387.54
3468.43
3325.87
3494.9
3449.8
3410.45
3345.03
3392.76
3737.85
3770.24
-3989.19
-3967.04
-3937.99
-3906.8
-3872.94
-3838.43
-3806.51
-3992.03
-3990.73
-3969.51
-3945.82
-3937.15
-3901.73
-3865.48
-3829.2
-3793.08
-3767.45
-3725.25
-3685.18
-3649.64
-3706.06
-3667.39
-3635.61
-3605.77
-3572.33
-3540.05
-3594.85
-3562.63
-3518.21
-3488.07
-3468.43
-3189.86
-3235.97
-3281.68
-3452.46
-3387.54
-3325.87
-3144.16
-3099.17
-3054.89
-2968.04
-3011.23
-2925.27
-2960.87
-2997.56
-3035.39
-3074.4
-3114.64
-3156.14
-3198.99
-3243.75
-3291.86
-3494.9
-3449.8
-3410.45
-3345.03
-3392.76
-3737.85
-3770.24
3989.84
3968.82
3941.21
3905.02
3870.42
3835.82
3803.06
3990.09
3967.77
3964.62
3932.17
3897.16
3861.11
3824.15
3785.57
3754.36
3711.19
3676.74
3640.54
3699.69
3660.42
3627.56
3595.36
3560.68
3527.23
3586.6
3552.06
3506.59
3000.89
3042.21
3084.61
3128.31
3173.72
3221.36
3271.16
2960.59
2921.35
2883.17
2890.64
2935.64
2981
3026.83
3073.08
3119.78
3167.02
3214.96
3264.07
2846.05
3479.94
3504.16
3423.04
3364.43
3311.24
3481.08
3435.12
3387.73
3319.95
3411.98
3732.58
3766.23
-3989.84
-3968.82
-3941.21
-3905.02
-3870.42
-3835.82
-3803.06
-3990.09
-3967.77
-3964.62
-3932.17
-3897.16
-3861.11
-3824.15
-3785.57
-3754.36
-3711.19
-3676.74
-3640.54
-3699.69
-3660.42
-3627.56
-3595.36
-3560.68
-3527.23
-3586.6
-3552.06
-3506.59
-3119.78
-3167.02
-3214.96
-3264.07
-3479.94
-3504.16
-3423.04
-3364.43
-3311.24
-3073.08
-3026.83
-2981
-2890.64
-2935.64
-2846.05
-2883.17
-2921.35
-2960.59
-3000.89
-3042.21
-3084.61
-3128.31
-3173.72
-3221.36
-3271.16
-3481.08
-3435.12
-3387.73
-3319.95
-3411.98
-3732.58
-3766.23
3991.55
3974.45
3967.94
3935.4
3902.03
3868.24
3834.26
3800.59
3989.06
3987.88
3962.35
3929.04
3893.75
3857.09
3818.94
3779.12
3744.8
3701.83
3666.49
3630.88
3693.66
3653.86
3620.48
3585.14
3549.19
3514.08
3580.19
3544.15
2924.46
2967.12
3010.72
3055.39
3101.56
3149.45
3199.18
3249.48
2882.71
2841.91
2802.1
2809.94
2856.92
2904.22
2951.74
2999.56
3047.59
3096.21
3146.02
3199.03
3261.92
2763.33
3510.71
3456.41
3535.65
3399.31
3338.39
3465.18
3435.92
3448.41
3367.34
3299.37
3727.82
3763.44
-3991.55
-3974.45
-3967.94
-3935.4
-3902.03
-3868.24
-3834.26
-3800.59
-3989.06
-3987.88
-3962.35
-3929.04
-3893.75
-3857.09
-3818.94
-3779.12
-3744.8
-3701.83
-3666.49
-3630.88
-3693.66
-3653.86
-3620.48
-3585.14
-3549.19
-3514.08
-3580.19
-3544.15
-3047.59
-3096.21
-3146.02
-3199.03
-3261.92
-3510.71
-3456.41
-3535.65
-3399.31
-3338.39
-2999.56
-2951.74
-2904.22
-2809.94
-2856.92
-2763.33
-2802.1
-2841.91
-2882.71
-2924.46
-2967.12
-3010.72
-3055.39
-3101.56
-3149.45
-3199.18
-3249.48
-3465.18
-3435.92
-3448.41
-3367.34
-3299.37
-3727.82
-3763.44
3991.17
3989.29
3965.02
3933
3900.19
3866.89
3833.9
3800.34
3987.04
3960.81
3926.82
3891.01
3853.55
3814.51
3773.73
3737.46
3694.03
3657.46
3621.26
3687.64
3646.37
3614.31
3575.71
3538.81
3501.14
3579.37
2844.94
2889.04
2934.02
2979.99
3027.24
3075.92
3126.21
3177.78
3229.84
2801.62
2759.07
2717.42
2725.58
2774.72
2824.18
2873.73
2923.38
2972.99
3022.85
3073.52
3126.29
3183.34
3243.09
3314.95
2676.82
3543.35
3560.35
3491.56
3436.55
3378.36
3469.02
3491.11
3410.96
3490.15
3347.97
3281.77
3723.54
3763.86
-3991.17
-3989.29
-3965.02
-3933
-3900.19
-3866.89
-3833.9
-3800.34
-3987.04
-3960.81
-3926.82
-3891.01
-3853.55
-3814.51
-3773.73
-3737.46
-3694.03
-3657.46
-3621.26
-3687.64
-3646.37
-3614.31
-3575.71
-3538.81
-3501.14
-3579.37
-2972.99
-3022.85
-3073.52
-3126.29
-3183.34
-3243.09
-3314.95
-3543.35
-3560.35
-3491.56
-3436.55
-3378.36
-2923.38
-2873.73
-2824.18
-2725.58
-2774.72
-2676.82
-2717.42
-2759.07
-2801.62
-2844.94
-2889.04
-2934.02
-2979.99
-3027.24
-3075.92
-3126.21
-3177.78
-3229.84
-3469.02
-3491.11
-3410.96
-3490.15
-3347.97
-3281.77
-3723.54
-3763.86
3988.25
3963.87
3932.03
3899.25
3865.42
3831.13
3805.21
3986.53
3959.8
3925.29
3888.92
3850.81
3810.91
3769.09
3731.18
3686.99
3649.18
3612.15
3680.71
3637.11
3604.72
3566.17
3530.48
2762.3
2807.82
2854.31
2901.98
2950.79
3000.74
3051.99
3104.71
3158.45
3212.7
2717.21
2672.58
2628.75
2637.23
2688.81
2740.73
2792.6
2844.33
2895.75
2946.93
2998.32
3050.69
3104.79
3159.3
3208.98
3280.72
3309.93
3362.25
2585.97
3579.31
3591.7
3528.81
3475.5
3419.66
3505.98
3452.57
3519.59
3394.82
3333.12
3267.79
3717.25
3794.03
3752.38
-3988.25
-3963.87
-3932.03
-3899.25
-3865.42
-3831.13
-3805.21
-3986.53
-3959.8
-3925.29
-3888.92
-3850.81
-3810.91
-3769.09
-3731.18
-3686.99
-3649.18
-3612.15
-3680.71
-3637.11
-3604.72
-3566.17
-3530.48
-2895.75
-2946.93
-2998.32
-3050.69
-3104.79
-3159.3
-3208.98
-3280.72
-3309.93
-3362.25
-3579.31
-3591.7
-3528.81
-3475.5
-3419.66
-2844.33
-2792.6
-2740.73
-2637.23
-2688.81
-2628.75
-2585.97
-2672.58
-2717.21
-2762.3
-2807.82
-2854.31
-2901.98
-2950.79
-3000.74
-3051.99
-3104.71
-3158.45
-3212.7
-3505.98
-3452.57
-3519.59
-3394.82
-3333.12
-3267.79
-3717.25
-3794.03
-3752.38
3988.06
3963.95
3932.35
3898.84
3862.77
3825.65
3986.28
3959.23
3924.45
3887.73
3849.08
3807.97
3764.89
3725.56
3680.45
3641.32
3603.13
3672.59
3627.06
3555.76
2676.64
2723.59
2771.08
2820.47
2871.61
2923.44
2976.17
3030.08
3085.05
3140.84
3197.95
2629.29
2581.97
2535.35
2544.58
2598.79
2653.27
2707.92
2762.33
2816.12
2869
2921.36
2973.92
3027.14
3080.64
3132.74
3257.48
3183.51
3325.96
3345.3
3404.18
2490.12
3617.85
3568.23
3515.87
3461.11
3545.33
3494.2
3440.36
3383.53
3323.1
3258.38
3709.24
3786.66
3745.72
-3988.06
-3963.95
-3932.35
-3898.84
-3862.77
-3825.65
-3986.28
-3959.23
-3924.45
-3887.73
-3849.08
-3807.97
-3764.89
-3725.56
-3680.45
-3641.32
-3603.13
-3672.59
-3627.06
-3555.76
-2816.12
-2869
-2921.36
-2973.92
-3027.14
-3080.64
-3132.74
-3257.48
-3183.51
-3325.96
-3345.3
-3404.18
-3617.85
-3568.23
-3515.87
-3461.11
-2762.33
-2707.92
-2653.27
-2544.58
-2598.79
-2535.35
-2581.97
-2490.12
-2629.29
-2676.64
-2723.59
-2771.08
-2820.47
-2871.61
-2923.44
-2976.17
-3030.08
-3085.05
-3140.84
-3197.95
-3545.33
-3494.2
-3440.36
-3383.53
-3323.1
-3258.38
-3709.24
-3786.66
-3745.72
3988.79
3965.96
3935.83
3896.71
3859.15
3821.11
3986.26
3959.22
3924.8
3888.16
3848.46
3805.11
3760.73
3720.28
3674.31
3633.91
3594.21
3664.62
2587.86
2637.03
2683.96
2733.89
2789.16
2843.99
2898.84
2954.09
3010.11
3066.6
3123.81
3185.07
2537.31
2486.35
2436.06
2447.06
2504.57
2561.58
2619.52
2677.49
2734.21
2789.22
2842.96
2896.24
2949.5
3003.04
3055.8
3107.37
3309.65
3238.4
3156.94
3374.83
3388.91
3447.68
2387.83
3658.61
3610.22
3557.79
3503.75
3585.83
3536.11
3484.63
3431.57
3377.44
3320.04
3255.92
3703.42
3781.92
3741.75
-3988.79
-3965.96
-3935.83
-3896.71
-3859.15
-3821.11
-3986.26
-3959.22
-3924.8
-3888.16
-3848.46
-3805.11
-3760.73
-3720.28
-3674.31
-3633.91
-3594.21
-3664.62
-2734.21
-2789.22
-2842.96
-2896.24
-2949.5
-3003.04
-3055.8
-3107.37
-3309.65
-3238.4
-3156.94
-3374.83
-3388.91
-3447.68
-3658.61
-3610.22
-3557.79
-3503.75
-2677.49
-2619.52
-2561.58
-2447.06
-2504.57
-2436.06
-2486.35
-2537.31
-2387.83
-2587.86
-2637.03
-2683.96
-2733.89
-2789.16
-2843.99
-2898.84
-2954.09
-3010.11
-3066.6
-3123.81
-3185.07
-3585.83
-3536.11
-3484.63
-3431.57
-3377.44
-3320.04
-3255.92
-3703.42
-3781.92
-3741.75
3990.36
3971.95
3964.87
3929.43
3893.06
3855.83
3817.69
3986.74
3960.19
3927.56
3892.76
3846.46
3801.8
3756.68
3715.26
3668.52
3626.93
2495.64
2548.47
2596.98
2636.89
2703.05
2762.47
2819.96
2876.86
2934.09
2991.28
3047.88
3101.98
3219.96
3144.1
2440.49
2384.26
2328.32
2343.87
2406.77
2465.65
2525.79
2589.36
2650.08
2708
2763.56
2817.78
2871.54
2925.63
2979.21
3031.47
3079.87
3364.16
3297.99
3227.28
3091.94
3161.02
3435.35
3425.17
3492.41
2276.16
3701.13
3657.22
3601.19
3547.24
3578.21
3528.08
3476.86
3425.73
3380.55
3293.49
3359.16
3778.77
3739.99
-3990.36
-3971.95
-3964.87
-3929.43
-3893.06
-3855.83
-3817.69
-3986.74
-3960.19
-3927.56
-3892.76
-3846.46
-3801.8
-3756.68
-3715.26
-3668.52
-3626.93
-2650.08
-2708
-2763.56
-2817.78
-2871.54
-2925.63
-2979.21
-3031.47
-3079.87
-3364.16
-3297.99
-3227.28
-3091.94
-3161.02
-3435.35
-3425.17
-3492.41
-3701.13
-3657.22
-3601.19
-3547.24
-2589.36
-2525.79
-2465.65
-2343.87
-2406.77
-2328.32
-2384.26
-2440.49
-2495.64
-2276.16
-2548.47
-2596.98
-2636.89
-2703.05
-2762.47
-2819.96
-2876.86
-2934.09
-2991.28
-3047.88
-3101.98
-3219.96
-3144.1
-3578.21
-3528.08
-3476.86
-3425.73
-3380.55
-3293.49
-3359.16
-3778.77
-3739.99
3990.31
3988.17
3961.58
3926.59
3890.48
3853.32
3815.13
3987.3
3962.25
3935.31
3927.31
3886.05
3843.01
3798.49
3752.94
3710.53
3663.27
3620.57
2399
2457.45
2511.16
2554.84
2548.84
2616.79
2679.65
2739.85
2798.64
2857.27
2915.47
2973.07
3029.13
3077.62
3264.3
3178.25
3093.73
2337.48
2273.22
2211.08
2234.04
2305.43
2368.17
2420.88
2497.58
2564.01
2625.48
2683.33
2738.57
2792.73
2847.63
2902.72
2956.74
3012.84
3360.39
3419.51
3287.68
3222.01
3036.34
3104.16
3164.86
3482.36
3474.63
3537.25
2129.39
3705.89
3692.1
3642.54
3590.55
3571.29
3520.78
3469.27
3416.85
3341.83
3404.62
3776
3736.07
-3990.31
-3988.17
-3961.58
-3926.59
-3890.48
-3853.32
-3815.13
-3987.3
-3962.25
-3935.31
-3927.31
-3886.05
-3843.01
-3798.49
-3752.94
-3710.53
-3663.27
-3620.57
-2564.01
-2625.48
-2683.33
-2738.57
-2792.73
-2847.63
-2902.72
-2956.74
-3012.84
-3360.39
-3419.51
-3287.68
-3222.01
-3036.34
-3104.16
-3164.86
-3482.36
-3474.63
-3537.25
-3705.89
-3692.1
-3642.54
-3590.55
-2497.58
-2420.88
-2368.17
-2234.04
-2305.43
-2211.08
-2273.22
-2337.48
-2399
-2457.45
-2129.39
-2511.16
-2554.84
-2548.84
-2616.79
-2679.65
-2739.85
-2798.64
-2857.27
-2915.47
-2973.07
-3029.13
-3077.62
-3264.3
-3178.25
-3093.73
-3571.29
-3520.78
-3469.27
-3416.85
-3341.83
-3404.62
-3776
-3736.07
3986.71
3960.02
3925.05
3888.93
3851.73
3813.15
3988.05
3962.53
3961.11
3924.75
3884.42
3840.58
3795.7
3749.75
3706.34
3658.53
3614.75
2295.79
2363.3
2424.66
2483.66
2465.03
2531.66
2596.48
2658.88
2719.55
2779.65
2838.97
2897.74
2956.76
3019.22
3334.88
3276.63
3207.87
3137
3076.04
3019.07
2227.15
2129.82
2116.58
2122.19
2202.27
2274.51
2329.31
2330.93
2407.47
2477.64
2542.44
2602.82
2659.4
2712.71
2767.59
2825.51
2880.59
2930.8
2965.59
3423.65
3403.94
3341.19
3469.61
3274.73
3213.5
2988.92
3055.75
3118.09
3175.73
3528.85
3521.99
3581.88
2045.28
3729.74
3683.08
3633.43
3564.92
3513.77
3460.91
3395.87
3453.07
3772.86
-3986.71
-3960.02
-3925.05
-3888.93
-3851.73
-3813.15
-3988.05
-3962.53
-3961.11
-3924.75
-3884.42
-3840.58
-3795.7
-3749.75
-3706.34
-3658.53
-3614.75
-2477.64
-2542.44
-2602.82
-2659.4
-2712.71
-2767.59
-2825.51
-2880.59
-2930.8
-2965.59
-3423.65
-3403.94
-3341.19
-3469.61
-3274.73
-3213.5
-2988.92
-3055.75
-3118.09
-3175.73
-3528.85
-3521.99
-3581.88
-3729.74
-3683.08
-3633.43
-2407.47
-2330.93
-2329.31
-2274.51
-2122.19
-2202.27
-2116.58
-2129.82
-2227.15
-2295.79
-2363.3
-2424.66
-2045.28
-2483.66
-2465.03
-2531.66
-2596.48
-2658.88
-2719.55
-2779.65
-2838.97
-2897.74
-2956.76
-3019.22
-3334.88
-3276.63
-3207.87
-3137
-3076.04
-3019.07
-3564.92
-3513.77
-3460.91
-3395.87
-3453.07
-3772.86
3986.21
3959.36
3924.43
3888.4
3851.13
3811.9
3987.9
3987.95
3962.51
3928.53
3883.31
3838.91
3793.58
3747.12
3702.64
3654.31
3609.45
2182.51
2265.55
2333.18
2397.42
2379.11
2448.38
2514.02
2577.71
2639.96
2701.42
2761.83
2821.07
2879.75
2941.7
3393.4
3339.6
3288.59
3226.37
3161.94
3097.73
3032.72
2958.19
2114.51
2044.32
2033.65
2050.98
2183.24
2256.96
2248.93
2321.48
2392.56
2459.68
2522.61
2581.02
2634.23
2680.61
2747.64
2806.47
2859.87
2903.64
2913.29
3461.37
3449.78
3391.78
3333.5
3514.89
3283.66
3232.67
2948.97
3013.19
3075.61
3135.68
3194.68
3574.81
3568.42
3626.64
3770.13
3724.99
3676.87
3559.06
3507.12
3448
3501.68
-3986.21
-3959.36
-3924.43
-3888.4
-3851.13
-3811.9
-3987.9
-3987.95
-3962.51
-3928.53
-3883.31
-3838.91
-3793.58
-3747.12
-3702.64
-3654.31
-3609.45
-2392.56
-2459.68
-2522.61
-2581.02
-2634.23
-2680.61
-2747.64
-2806.47
-2859.87
-2903.64
-2913.29
-3461.37
-3449.78
-3391.78
-3333.5
-3514.89
-3283.66
-3232.67
-2948.97
-3013.19
-3075.61
-3135.68
-3194.68
-3574.81
-3568.42
-3626.64
-3770.13
-3724.99
-3676.87
-2321.48
-2256.96
-2248.93
-2183.24
-2033.65
-2050.98
-2044.32
-2114.51
-2182.51
-2265.55
-2333.18
-2397.42
-2379.11
-2448.38
-2514.02
-2577.71
-2639.96
-2701.42
-2761.83
-2821.07
-2879.75
-2941.7
-3393.4
-3339.6
-3288.59
-3226.37
-3161.94
-3097.73
-3032.72
-2958.19
-3559.06
-3507.12
-3448
-3501.68
3986.4
3959.42
3924.84
3889.16
3851.93
3812.17
3989.6
3969.58
3962.89
3923.74
3882.52
3837.85
3792.04
3745.08
3699.51
3650.77
3604.77
2091.97
2082.88
2172.44
2241.17
2300.58
2296.36
2366.34
2432.54
2496.7
2559.97
2622.75
2684.52
2744.48
2801.9
2855.57
2894.4
3446.52
3397.71
3348.8
3300.16
3242.46
3181.78
3119.52
3056.13
2991.78
2885.33
2933.05
2032.34
2302.57
2030.28
2096.85
2174.72
2167.44
2239.45
2309.56
2377.95
2443.12
2504.11
2559.8
2604.86
2607.08
2672.34
2733.71
2791.65
2847.94
2890.74
2840.61
3506.28
3496.25
3439.77
3384.6
3324.12
3561.64
3254.39
2908.47
2972.62
3035.1
3095.8
3155.6
3215.32
3621.1
3616.2
3672.14
3769.04
3721.38
3553.92
3497.75
3549.76
-3986.4
-3959.42
-3924.84
-3889.16
-3851.93
-3812.17
-3989.6
-3969.58
-3962.89
-3923.74
-3882.52
-3837.85
-3792.04
-3745.08
-3699.51
-3650.77
-3604.77
-2309.56
-2377.95
-2443.12
-2504.11
-2559.8
-2604.86
-2607.08
-2672.34
-2733.71
-2791.65
-2847.94
-2890.74
-2840.61
-3506.28
-3496.25
-3439.77
-3384.6
-3324.12
-3561.64
-3254.39
-2908.47
-2972.62
-3035.1
-3095.8
-3155.6
-3215.32
-3621.1
-3616.2
-3672.14
-3769.04
-3721.38
-2239.45
-2174.72
-2167.44
-2096.85
-2302.57
-2030.28
-2032.34
-2082.88
-2091.97
-2172.44
-2241.17
-2300.58
-2296.36
-2366.34
-2432.54
-2496.7
-2559.97
-2622.75
-2684.52
-2744.48
-2801.9
-2855.57
-2894.4
-3446.52
-3397.71
-3348.8
-3300.16
-3242.46
-3181.78
-3119.52
-3056.13
-2991.78
-2885.33
-2933.05
-3553.92
-3497.75
-3549.76
3986.85
3960.5
3926.79
3891.59
3854.97
3816.83
3989.86
3988.41
3962.8
3928.04
3882.64
3837.81
3791.01
3744
3697.16
3648.11
3600.84
2028.62
2030.73
2089.47
2159.01
2213.34
2220.95
2217.95
2286.94
2352.66
2416.49
2479.75
2543.39
2606.92
2668.72
2726.99
2781.23
2832.28
3495
3448.85
3415.95
3349.89
3316.18
3260.39
3201.17
3140.22
3077.89
3015.24
2951.22
2817.52
2878.15
2032.98
2093.16
2089.24
2159.79
2228.71
2297.22
2364.23
2428.04
2488.14
2545.24
2536.86
2599.25
2661.27
2721.34
2780.45
2841.1
2772.96
3553.75
3543.87
3484.33
3433.38
3394.48
3276.39
3335.61
3610.68
2862.27
2931.74
2995.34
3056.21
3115.94
3175.92
3235.73
3668.73
3666.79
3718.47
3766.9
3546.25
3597.73
-3986.85
-3960.5
-3926.79
-3891.59
-3854.97
-3816.83
-3989.86
-3988.41
-3962.8
-3928.04
-3882.64
-3837.81
-3791.01
-3744
-3697.16
-3648.11
-3600.84
-2228.71
-2297.22
-2364.23
-2428.04
-2488.14
-2545.24
-2536.86
-2599.25
-2661.27
-2721.34
-2780.45
-2841.1
-2772.96
-3553.75
-3543.87
-3484.33
-3433.38
-3394.48
-3276.39
-3335.61
-3610.68
-2862.27
-2931.74
-2995.34
-3056.21
-3115.94
-3175.92
-3235.73
-3668.73
-3666.79
-3718.47
-3766.9
-2159.79
-2093.16
-2089.24
-2032.98
-2028.62
-2030.73
-2089.47
-2159.01
-2213.34
-2220.95
-2217.95
-2286.94
-2352.66
-2416.49
-2479.75
-2543.39
-2606.92
-2668.72
-2726.99
-2781.23
-2832.28
-3495
-3448.85
-3415.95
-3349.89
-3316.18
-3260.39
-3201.17
-3140.22
-3077.89
-3015.24
-2951.22
-2817.52
-2878.15
-3546.25
-3597.73
3987.8
3963.47
3932.49
3893.59
3862.67
3852.86
3809.18
3989.67
3969.48
3962.55
3925.14
3886.05
3836.72
3790.77
3744.73
3696.07
3646.29
2030.35
2085.39
2151.49
2149.28
2145.55
2210.87
2275.11
2337.44
2399.26
2462.67
2528.22
2593.27
2654.28
2707.72
2759.72
3542.57
3487.66
3483.39
3373.56
3432.18
3335.42
3281.24
3225.35
3161.5
3097.78
3037.26
2975.8
2911.8
2744.43
2803.68
2847.89
2032.52
2030.7
2083.67
2150.09
2216.93
2286.02
2351.93
2414.84
2475.65
2465.02
2526.94
2588.6
2649.38
2709.45
2776.57
2693.39
3603.87
3596.93
3527.34
3464.28
3441.39
3383.14
3294.27
3347.88
3662.3
2823.68
2893.14
2957.13
3017.68
3076.34
3134.65
3196.83
3259.81
3717.92
3723.41
3764.67
3594.91
-3987.8
-3963.47
-3932.49
-3893.59
-3862.67
-3852.86
-3809.18
-3989.67
-3969.48
-3962.55
-3925.14
-3886.05
-3836.72
-3790.77
-3744.73
-3696.07
-3646.29
-2150.09
-2216.93
-2286.02
-2351.93
-2414.84
-2475.65
-2465.02
-2526.94
-2588.6
-2649.38
-2709.45
-2776.57
-2693.39
-3603.87
-3596.93
-3527.34
-3464.28
-3441.39
-3383.14
-3294.27
-3347.88
-3662.3
-2823.68
-2893.14
-2957.13
-3017.68
-3076.34
-3134.65
-3196.83
-3259.81
-3717.92
-3723.41
-3764.67
-2083.67
-2032.52
-2030.7
-2030.35
-2085.39
-2151.49
-2149.28
-2145.55
-2210.87
-2275.11
-2337.44
-2399.26
-2462.67
-2528.22
-2593.27
-2654.28
-2707.72
-2759.72
-3542.57
-3487.66
-3483.39
-3373.56
-3432.18
-3335.42
-3281.24
-3225.35
-3161.5
-3097.78
-3037.26
-2975.8
-2911.8
-2744.43
-2803.68
-2847.89
-3594.91
3989.95
3970.39
3963.46
3927.29
3891.37
3887.53
3848.69
3808.44
3989.67
3988.12
3961.37
3931.63
3921.94
3878.6
3835.39
3793.47
3750.79
3696.34
3644.6
2029.17
2082.5
2080.61
2077.89
2139.56
2200.63
2260.33
2319.04
2379.65
2446.2
2516.87
2583.88
2641.58
2674.36
3592.49
3539.4
3539.29
3489.08
3389.72
3443.56
3352.49
3301.93
3251.05
3199.71
3111.48
3155.14
3056.77
2998.92
2938.82
2877.49
2673.13
2738.53
2791.75
2815.82
2027.09
2074.66
2133.73
2208.68
2276.49
2340.81
2403.17
2391.75
2454.16
2516.07
2576.93
2635.77
2751.71
2694.9
2615.26
2625.86
3656.69
3660.73
3625.6
3567.81
3506.49
3490.84
3399.24
3443.28
3314.73
3366.72
3710.95
2795.78
2860.72
2922.53
2981.78
3038.92
3094.19
3147.05
3234.29
3189.65
3285.88
3767.91
3763.64
3782.3
-3989.95
-3970.39
-3963.46
-3927.29
-3891.37
-3887.53
-3848.69
-3808.44
-3989.67
-3988.12
-3961.37
-3931.63
-3921.94
-3878.6
-3835.39
-3793.47
-3750.79
-3696.34
-3644.6
-2074.66
-2133.73
-2208.68
-2276.49
-2340.81
-2403.17
-2391.75
-2454.16
-2516.07
-2576.93
-2635.77
-2751.71
-2694.9
-2615.26
-2625.86
-3656.69
-3660.73
-3625.6
-3567.81
-3506.49
-3490.84
-3399.24
-3443.28
-3314.73
-3366.72
-3710.95
-2795.78
-2860.72
-2922.53
-2981.78
-3038.92
-3094.19
-3147.05
-3234.29
-3189.65
-3285.88
-3767.91
-3763.64
-3782.3
-2027.09
-2029.17
-2082.5
-2080.61
-2077.89
-2139.56
-2200.63
-2260.33
-2319.04
-2379.65
-2446.2
-2516.87
-2583.88
-2641.58
-2674.36
-3592.49
-3539.4
-3539.29
-3489.08
-3389.72
-3443.56
-3352.49
-3301.93
-3251.05
-3199.71
-3111.48
-3155.14
-3056.77
-2998.92
-2938.82
-2877.49
-2673.13
-2738.53
-2791.75
-2815.82
3989.92
3987.91
3960.38
3924.67
3922.77
3885.71
3848.53
3813.01
3987.42
3959.8
3956.8
3917.83
3876.89
3836.85
3802.68
3792.38
3742.9
3695.19
3642.99
2028.27
2027.86
2026.83
2073.38
2130.86
2186.53
2240.65
2295.14
2354.24
2437.93
2511.91
2586.85
2600.31
3591.27
3591.88
3542.6
3496.4
3403.25
3454.19
3367.85
3320.17
3272.36
3224.21
3176.34
3076.28
3127.24
3021.36
2963.71
2904.1
2843.06
2605.42
2674.43
2751.3
2779.77
2021.7
2058.63
2069.52
2137.1
2203.11
2267.57
2329.75
2316.46
2380.63
2443.24
2505.12
2564.86
2723.31
2687.68
2627.93
2559.31
2560.34
3707.25
3708.67
3672.29
3659.79
3606.37
3548.51
3529.27
3468.42
3416.81
3337.16
3387.69
3755.55
2834.56
2776.75
2892.5
2949.56
3005.33
3059.48
3111.63
3160.95
3258.9
3209.85
3309.2
3801.83
3810.05
3821.03
-3989.92
-3987.91
-3960.38
-3924.67
-3922.77
-3885.71
-3848.53
-3813.01
-3987.42
-3959.8
-3956.8
-3917.83
-3876.89
-3836.85
-3802.68
-3792.38
-3742.9
-3695.19
-3642.99
-2021.7
-2058.63
-2069.52
-2137.1
-2203.11
-2267.57
-2329.75
-2316.46
-2380.63
-2443.24
-2505.12
-2564.86
-2723.31
-2687.68
-2627.93
-2559.31
-2560.34
-3707.25
-3708.67
-3672.29
-3659.79
-3606.37
-3548.51
-3529.27
-3468.42
-3416.81
-3337.16
-3387.69
-3755.55
-2834.56
-2776.75
-2892.5
-2949.56
-3005.33
-3059.48
-3111.63
-3160.95
-3258.9
-3209.85
-3309.2
-3801.83
-3810.05
-3821.03
-2028.27
-2027.86
-2026.83
-2073.38
-2130.86
-2186.53
-2240.65
-2295.14
-2354.24
-2437.93
-2511.91
-2586.85
-2600.31
-3591.27
-3591.88
-3542.6
-3496.4
-3403.25
-3454.19
-3367.85
-3320.17
-3272.36
-3224.21
-3176.34
-3076.28
-3127.24
-3021.36
-2963.71
-2904.1
-2843.06
-2605.42
-2674.43
-2751.3
-2779.77
3986.8
3958.77
3957.8
3921.79
3885.47
3850.34
3986.36
3985.29
3955.13
3916.3
3876.4
3836.3
3833.57
3788.5
3740.91
3692.62
3642.23
2024.65
2066.89
2117.97
2166.25
2214
2259.41
2289.41
2363.01
2435.09
2510.76
2545.34
3642.99
3594.39
3547.93
3504.55
3415.98
3464.58
3382.58
3337
3291.38
3245.23
3198.23
3149.63
3098.93
3044.83
2988.39
2929.65
2869.99
2809.02
2535.51
2594.68
2644.05
2713
2746.47
2020.83
2022.95
2069.8
2131.93
2196.24
2257.31
2234.32
2306.52
2369.78
2432.22
2496.74
2678.92
2637.62
2728.8
2561.86
2493.11
2491.96
3752.77
3751.53
3707.36
3702.51
3650.15
3592.52
3488.62
3578.98
3532.31
3438.11
3359.62
3409.92
3797.6
2865.2
2810.35
2757.34
2920.21
2974.73
3028.2
3080.24
3130.89
3180.97
3280.74
3230.78
3331.72
3840.43
3844.02
3848.83
-3986.8
-3958.77
-3957.8
-3921.79
-3885.47
-3850.34
-3986.36
-3985.29
-3955.13
-3916.3
-3876.4
-3836.3
-3833.57
-3788.5
-3740.91
-3692.62
-3642.23
-2020.83
-2022.95
-2069.8
-2131.93
-2196.24
-2257.31
-2234.32
-2306.52
-2369.78
-2432.22
-2496.74
-2678.92
-2637.62
-2728.8
-2561.86
-2493.11
-2491.96
-3752.77
-3751.53
-3707.36
-3702.51
-3650.15
-3592.52
-3488.62
-3578.98
-3532.31
-3438.11
-3359.62
-3409.92
-3797.6
-2865.2
-2810.35
-2757.34
-2920.21
-2974.73
-3028.2
-3080.24
-3130.89
-3180.97
-3280.74
-3230.78
-3331.72
-3840.43
-3844.02
-3848.83
-2024.65
-2066.89
-2117.97
-2166.25
-2214
-2259.41
-2289.41
-2363.01
-2435.09
-2510.76
-2545.34
-3642.99
-3594.39
-3547.93
-3504.55
-3415.98
-3464.58
-3382.58
-3337
-3291.38
-3245.23
-3198.23
-3149.63
-3098.93
-3044.83
-2988.39
-2929.65
-2869.99
-2809.02
-2535.51
-2594.68
-2644.05
-2713
-2746.47
3986.13
3986
3957.2
3921.16
3884.92
3984.89
3954.44
3915.76
3875.79
3875.67
3833.28
3788.7
3741.42
3692.15
2020.85
2056.75
2095.81
2140.8
2175.93
2225.49
2231.1
2295.57
2360.73
2422.26
2470.95
3693.13
3645.28
3598.93
3554.13
3512.81
3428.79
3475.93
3353.16
3397.06
3309.18
3264.76
3219.47
3172.8
3124.51
3073.38
3014.42
2953.47
2895.52
2836.74
2776.95
2467.74
2525.53
2575.8
2682.15
2617.17
2716
2019.99
2014.01
2124.31
2192.72
2151.62
2171.49
2238.59
2298.8
2353.21
2425.5
2652.76
2704.74
2626.45
2561.19
2489.25
2423.6
2420.73
3795.59
3794.32
3749.87
3749.32
3701.36
3645.01
3459.65
3508.07
3557.43
3610.18
3382.68
3433.47
3838.64
2838.82
2892.4
2785.41
2732.13
2945.85
2998.8
3050.73
3101.62
3151.89
3201.67
3251.04
3300.79
3354.92
3879.85
3880.93
3883.1
-3986.13
-3986
-3957.2
-3921.16
-3884.92
-3984.89
-3954.44
-3915.76
-3875.79
-3875.67
-3833.28
-3788.7
-3741.42
-3692.15
-2019.99
-2014.01
-2124.31
-2192.72
-2151.62
-2171.49
-2238.59
-2298.8
-2353.21
-2425.5
-2652.76
-2704.74
-2626.45
-2561.19
-2489.25
-2423.6
-2420.73
-3795.59
-3794.32
-3749.87
-3749.32
-3701.36
-3645.01
-3459.65
-3508.07
-3557.43
-3610.18
-3382.68
-3433.47
-3838.64
-2838.82
-2892.4
-2785.41
-2732.13
-2945.85
-2998.8
-3050.73
-3101.62
-3151.89
-3201.67
-3251.04
-3300.79
-3354.92
-3879.85
-3880.93
-3883.1
-2020.85
-2056.75
-2095.81
-2140.8
-2175.93
-2225.49
-2231.1
-2295.57
-2360.73
-2422.26
-2470.95
-3693.13
-3645.28
-3598.93
-3554.13
-3512.81
-3428.79
-3475.93
-3353.16
-3397.06
-3309.18
-3264.76
-3219.47
-3172.8
-3124.51
-3073.38
-3014.42
-2953.47
-2895.52
-2836.74
-2776.95
-2467.74
-2525.53
-2575.8
-2682.15
-2617.17
-2716
3985.64
3956.79
3920.37
3984.52
3954.28
3915.81
3916.92
3877.79
3836.46
3791.33
3742.59
2015.28
2041.24
2044.2
2080.4
2103.27
2112.01
2169.57
2170.97
2232.92
2293.95
2352
2398.56
2405.45
3695.05
3649.61
3605.82
3556.02
3526.98
3440.99
3484.31
3369.24
3326.49
3411.83
3283.41
3239.77
3195.17
3149.47
3102.83
3055.21
2971.14
3013.76
2918.43
2862.5
2804.85
2746.51
2403.55
2462.02
2512.74
2553.29
2652.79
2589.63
2687.82
2294.49
2017.26
2054.62
2073.57
2112.27
2109.05
2178.98
2238.03
2282.05
2289.63
2354.59
2626.3
2679.2
2597.95
2482.67
2547.13
2414.46
2352.62
2349.6
3837.58
3836.64
3793.66
3794.89
3753.87
3713.51
3666.38
3482.51
3531.24
3580.59
3630.38
3409.33
3458.41
3880.3
2812.99
2865.67
2917.99
2759.28
2705.84
2970.19
3022.04
3073.14
3123.57
3173.38
3222.13
3269.58
3315.26
3390.96
3352.84
3919.88
3918.9
3919.39
-3985.64
-3956.79
-3920.37
-3984.52
-3954.28
-3915.81
-3916.92
-3877.79
-3836.46
-3791.33
-3742.59
-2294.49
-2017.26
-2054.62
-2073.57
-2112.27
-2109.05
-2178.98
-2238.03
-2282.05
-2289.63
-2354.59
-2626.3
-2679.2
-2597.95
-2482.67
-2547.13
-2414.46
-2352.62
-2349.6
-3837.58
-3836.64
-3793.66
-3794.89
-3753.87
-3713.51
-3666.38
-3482.51
-3531.24
-3580.59
-3630.38
-3409.33
-3458.41
-3880.3
-2812.99
-2865.67
-2917.99
-2759.28
-2705.84
-2970.19
-3022.04
-3073.14
-3123.57
-3173.38
-3222.13
-3269.58
-3315.26
-3390.96
-3352.84
-3919.88
-3918.9
-3919.39
-2015.28
-2041.24
-2044.2
-2080.4
-2103.27
-2112.01
-2169.57
-2170.97
-2232.92
-2293.95
-2352
-2398.56
-2405.45
-3695.05
-3649.61
-3605.82
-3556.02
-3526.98
-3440.99
-3484.31
-3369.24
-3326.49
-3411.83
-3283.41
-3239.77
-3195.17
-3149.47
-3102.83
-3055.21
-2971.14
-3013.76
-2918.43
-2862.5
-2804.85
-2746.51
-2403.55
-2462.02
-2512.74
-2553.29
-2652.79
-2589.63
-2687.82
3985.49
3956.43
3984.79
3954.68
3955.95
3920.11
3884.24
3845.5
3791.86
3743.34
2012.67
2011.77
2036.87
2048.53
2055.57
2055.36
2105.79
2114.32
2173.13
2232
2290.03
2345.96
2344.33
3697.67
3658.56
3642.76
3583.43
3559.64
3520.22
3454.11
3495.19
3343.54
3385.46
3301.5
3427.4
3259.1
3216.13
3172.26
3127.6
3082.5
3037.18
2941
2989.95
2887.31
2831.14
2773.34
2716.33
2340.72
2400.48
2460.24
2491.89
2526.3
2623.4
2558.45
2667.54
2021.05
2019.78
2006.71
2059.57
2046.85
2125.98
2191.92
2234.58
2226.94
2280.11
2600.24
2652.49
2573.18
2461.61
2518
2400.48
2339.33
2285.43
2280.57
3879.6
3877.84
3836.41
3837.91
3799.18
3766.95
3762.26
3721.4
3678.93
3506.18
3553.73
3601.27
3648.23
3436.22
3482.73
3924.94
2840.57
2788.98
2891.32
2942.09
2732.48
2676.31
2993.03
3044.73
3095.86
3146.6
3195.63
3242.98
3288.15
3330.64
3414.31
3372.71
3957.04
3959.87
3956.33
-3985.49
-3956.43
-3984.79
-3954.68
-3955.95
-3920.11
-3884.24
-3845.5
-3791.86
-3743.34
-2021.05
-2019.78
-2006.71
-2059.57
-2046.85
-2125.98
-2191.92
-2234.58
-2226.94
-2280.11
-2600.24
-2652.49
-2573.18
-2461.61
-2518
-2400.48
-2339.33
-2285.43
-2280.57
-3879.6
-3877.84
-3836.41
-3837.91
-3799.18
-3766.95
-3762.26
-3721.4
-3678.93
-3506.18
-3553.73
-3601.27
-3648.23
-3436.22
-3482.73
-3924.94
-2840.57
-2788.98
-2891.32
-2942.09
-2732.48
-2676.31
-2993.03
-3044.73
-3095.86
-3146.6
-3195.63
-3242.98
-3288.15
-3330.64
-3414.31
-3372.71
-3957.04
-3959.87
-3956.33
-2012.67
-2011.77
-2036.87
-2048.53
-2055.57
-2055.36
-2105.79
-2114.32
-2173.13
-2232
-2290.03
-2345.96
-2344.33
-3697.67
-3658.56
-3642.76
-3583.43
-3559.64
-3520.22
-3454.11
-3495.19
-3343.54
-3385.46
-3301.5
-3427.4
-3259.1
-3216.13
-3172.26
-3127.6
-3082.5
-3037.18
-2941
-2989.95
-2887.31
-2831.14
-2773.34
-2716.33
-2340.72
-2400.48
-2460.24
-2491.89
-2526.3
-2623.4
-2558.45
-2667.54
3985.45
3985.28
3986.23
3958.48
3926.7
3899.95
3884.7
3837.14
3789.78
3743.24
2012.78
2016.86
2018.44
2016.49
2045.91
2057.09
2061.29
2116.32
2172.84
2229.88
2286.59
2283.56
3697.04
3697.8
3656.94
3607.62
3579.48
3536.97
3469.29
3511.48
3360.65
3319.41
3402
3278
3443.79
3236.17
3193.67
3150.32
3106.04
3060.99
3014.26
2915.3
2965.86
2857.14
2797.06
2739.37
2676.15
2278.99
2332.92
2376.23
2430.81
2462.19
2497.43
2631.5
2582.93
2526.56
2293.5
2014.91
2017.85
2016.98
2011.79
2117
2177.65
2168.74
2211.41
2221.36
2625.18
2574.8
2547.98
2495.81
2445.8
2416.08
2317.79
2374.3
2266.34
2221.68
2214.55
3918.99
3917.51
3877.71
3879.2
3840.26
3801.97
3802.75
3769.46
3759.04
3719.94
3695.07
3528.94
3575.55
3621.15
3666.45
3457.59
3505.26
3959.63
3967.34
2818.34
2866.49
2770.59
2915.43
2963.95
2692.84
2731.15
2646.82
3013.18
3067.75
3122.1
3171.44
3218.65
3264.63
3308.35
3351.34
3432.77
3392.7
3985.74
3986.82
3988.93
-3985.45
-3985.28
-3986.23
-3958.48
-3926.7
-3899.95
-3884.7
-3837.14
-3789.78
-3743.24
-2293.5
-2014.91
-2017.85
-2016.98
-2011.79
-2117
-2177.65
-2168.74
-2211.41
-2221.36
-2625.18
-2574.8
-2547.98
-2495.81
-2445.8
-2416.08
-2317.79
-2374.3
-2266.34
-2221.68
-2214.55
-3918.99
-3917.51
-3877.71
-3879.2
-3840.26
-3801.97
-3802.75
-3769.46
-3759.04
-3719.94
-3695.07
-3528.94
-3575.55
-3621.15
-3666.45
-3457.59
-3505.26
-3959.63
-3967.34
-2818.34
-2866.49
-2770.59
-2915.43
-2963.95
-2692.84
-2731.15
-2646.82
-3013.18
-3067.75
-3122.1
-3171.44
-3218.65
-3264.63
-3308.35
-3351.34
-3432.77
-3392.7
-3985.74
-3986.82
-3988.93
-2012.78
-2016.86
-2018.44
-2016.49
-2045.91
-2057.09
-2061.29
-2116.32
-2172.84
-2229.88
-2286.59
-2283.56
-3697.04
-3697.8
-3656.94
-3607.62
-3579.48
-3536.97
-3469.29
-3511.48
-3360.65
-3319.41
-3402
-3278
-3443.79
-3236.17
-3193.67
-3150.32
-3106.04
-3060.99
-3014.26
-2915.3
-2965.86
-2857.14
-2797.06
-2739.37
-2676.15
-2278.99
-2332.92
-2376.23
-2430.81
-2462.19
-2497.43
-2631.5
-2582.93
-2526.56
3987.59
3961.91
3935.79
3927.24
3921.29
3879.16
3834.33
3788.73
3743.3
2016.63
2019.88
2020.86
2061.31
2115.02
2171.14
2227.17
2224.15
3745.45
3704.64
3623.9
3668.62
3596.07
3553.8
3486.01
3528.41
3377.66
3337.13
3296.53
3418.57
3255.72
3460.27
3214.36
3172.29
3129.01
3083.92
3038.23
2991.16
2897.06
2944.06
2856.24
2814.52
2763.39
2709.86
2653.37
2609.86
2220.07
2273.66
2327.21
2389.84
2435.83
2471.07
2550.15
2497.84
2294.14
2018.78
2061.54
2114.15
2165.36
2165.07
2599.53
2551.28
2524.36
2474.28
2423.69
2395.56
2275.67
2239.98
2341.95
2199.19
2161.5
2153.58
3956.69
3956.06
3917.83
3919.92
3881.7
3841.6
3841.25
3801.47
3797.45
3748.79
3713.39
3553.19
3597.24
3640.67
3684.2
3471.81
3537.37
3504.41
3988.83
3986.67
2794.06
2843.01
2892.5
2750.96
2937.81
2982.26
2666.4
2708.48
2622.61
3025.65
3104
3061.28
3151.64
3196.12
3240.08
3286.88
3332.41
3372.97
3449.64
3411.99
-3987.59
-3961.91
-3935.79
-3927.24
-3921.29
-3879.16
-3834.33
-3788.73
-3743.3
-2294.14
-2018.78
-2061.54
-2114.15
-2165.36
-2165.07
-2599.53
-2551.28
-2524.36
-2474.28
-2423.69
-2395.56
-2275.67
-2239.98
-2341.95
-2199.19
-2161.5
-2153.58
-3956.69
-3956.06
-3917.83
-3919.92
-3881.7
-3841.6
-3841.25
-3801.47
-3797.45
-3748.79
-3713.39
-3553.19
-3597.24
-3640.67
-3684.2
-3471.81
-3537.37
-3504.41
-3988.83
-3986.67
-2794.06
-2843.01
-2892.5
-2750.96
-2937.81
-2982.26
-2666.4
-2708.48
-2622.61
-3025.65
-3061.28
-3104
-3151.64
-3196.12
-3240.08
-3286.88
-3332.41
-3372.97
-3449.64
-3411.99
-2016.63
-2019.88
-2020.86
-2061.31
-2115.02
-2171.14
-2227.17
-2224.15
-3745.45
-3704.64
-3623.9
-3668.62
-3596.07
-3553.8
-3486.01
-3528.41
-3377.66
-3337.13
-3296.53
-3418.57
-3255.72
-3460.27
-3214.36
-3172.29
-3129.01
-3083.92
-3038.23
-2991.16
-2897.06
-2944.06
-2856.24
-2814.52
-2763.39
-2709.86
-2653.37
-2609.86
-2220.07
-2273.66
-2327.21
-2389.84
-2435.83
-2471.07
-2550.15
-2497.84
3988.38
3962.19
3959.43
3958.1
3919.77
3878.51
3833.68
3789.09
2018.38
2006.2
2113.85
2169.23
2166.78
3790.84
3749.92
3712.34
3638.48
3680.27
3570.85
3612.87
3502.88
3545.7
3394.42
3354.66
3314.86
3274.86
3434.5
3234.58
3475.25
3193.82
3152.28
3109.2
3061.09
3012.7
2968
2880.61
2924.01
2831.74
2783.3
2737.14
2692.2
2655.39
2620.16
2604.68
2565.33
2162.72
2215.07
2268.18
2322.54
2374.3
2417.05
2447.87
2518.65
2472.49
2020.95
2061.11
2112.12
2108.85
2577.6
2531.38
2501.81
2451.72
2400.16
2372.63
2321.8
2232.93
2278.65
2198.58
2173.72
2139.72
2104.74
2098.82
3985.72
3985.7
3956.93
3960.04
3925.98
3882.07
3880.54
3839.97
3840.06
3798.43
3760.09
3728.05
3576.85
3617.6
3659.33
3700.96
3485.73
3558.3
3522.15
2808.75
2768.77
2877.05
2842.76
2917.43
2727.62
2958.39
2998.72
2685.94
2644.12
2601.84
3037.11
3138.65
3106.42
3074.65
3177.16
3216.5
3254.93
3319
3287.17
3356.16
3393.53
3467.12
3430.59
-3988.38
-3962.19
-3959.43
-3958.1
-3919.77
-3878.51
-3833.68
-3789.09
-2020.95
-2061.11
-2112.12
-2108.85
-2577.6
-2531.38
-2501.81
-2451.72
-2400.16
-2372.63
-2321.8
-2232.93
-2278.65
-2198.58
-2173.72
-2139.72
-2104.74
-2098.82
-3985.72
-3985.7
-3956.93
-3960.04
-3925.98
-3882.07
-3880.54
-3839.97
-3840.06
-3798.43
-3760.09
-3728.05
-3576.85
-3617.6
-3659.33
-3700.96
-3485.73
-3558.3
-3522.15
-2808.75
-2768.77
-2877.05
-2842.76
-2917.43
-2727.62
-2958.39
-2998.72
-2685.94
-2644.12
-2601.84
-3037.11
-3074.65
-3138.65
-3106.42
-3177.16
-3216.5
-3254.93
-3319
-3287.17
-3356.16
-3393.53
-3467.12
-3430.59
-2018.38
-2006.2
-2113.85
-2169.23
-2166.78
-3790.84
-3749.92
-3712.34
-3638.48
-3680.27
-3570.85
-3612.87
-3502.88
-3545.7
-3394.42
-3354.66
-3314.86
-3274.86
-3434.5
-3234.58
-3475.25
-3193.82
-3152.28
-3109.2
-3061.09
-3012.7
-2968
-2880.61
-2924.01
-2831.74
-2783.3
-2737.14
-2692.2
-2655.39
-2620.16
-2604.68
-2565.33
-2162.72
-2215.07
-2268.18
-2322.54
-2374.3
-2417.05
-2447.87
-2518.65
-2472.49
3987.8
3986.79
3986.96
3959.97
3924.44
3878.1
3833.92
2294.1
2018.16
2060.41
2113.52
2111.56
3834.87
3793.9
3754.41
3720.5
3654.03
3694.13
3589.46
3631.2
3519.48
3565.37
3372.27
3410.89
3333.25
3293.94
3254.36
3448.86
3214.53
3485.59
3174.48
3134.4
3094.75
3027.21
3060.95
2987.18
2946.22
2864.89
2905.34
2796.49
2830.49
2756.25
2715.43
2675.72
2636
2596.56
2578.75
2537.31
2107.09
2156.61
2209.2
2260.67
2311.61
2365.59
2399.63
2426.68
2494.62
2451.55
2020.56
2058.99
2002.51
2559.58
2518.26
2480.55
2427.49
2375.28
2350.72
2303.38
2211.18
2257
2179.84
2135.41
2137.95
2118.28
2088.89
2053.93
2050.92
3986.66
3988.87
3967.71
3960.44
3920.68
3919.59
3880.61
3883.21
3842.92
3805.09
3771.52
3743.02
3595.94
3634.78
3677.28
3720.18
3503.6
3575.81
3539.91
2824.31
2786.54
2746.96
2898.71
2860.95
2938.3
2706.18
2977.92
3016.87
2664.9
2623.79
2582.38
3054.27
3159.42
3123.82
3089.7
3197.22
3234.63
3270.12
3339.3
3304.46
3375.99
3412.58
3485.42
3449.13
-3987.8
-3986.79
-3986.96
-3959.97
-3924.44
-3878.1
-3833.92
-2020.56
-2058.99
-2002.51
-2559.58
-2518.26
-2480.55
-2427.49
-2375.28
-2350.72
-2303.38
-2211.18
-2257
-2179.84
-2135.41
-2137.95
-2118.28
-2088.89
-2053.93
-2050.92
-3986.66
-3988.87
-3967.71
-3960.44
-3920.68
-3919.59
-3880.61
-3883.21
-3842.92
-3805.09
-3771.52
-3743.02
-3595.94
-3634.78
-3677.28
-3720.18
-3503.6
-3575.81
-3539.91
-2824.31
-2786.54
-2746.96
-2898.71
-2860.95
-2938.3
-2706.18
-2977.92
-3016.87
-2664.9
-2623.79
-2582.38
-3054.27
-3089.7
-3159.42
-3123.82
-3197.22
-3234.63
-3270.12
-3339.3
-3304.46
-3375.99
-3412.58
-3485.42
-3449.13
-2294.1
-2018.16
-2060.41
-2113.52
-2111.56
-3834.87
-3793.9
-3754.41
-3720.5
-3654.03
-3694.13
-3589.46
-3631.2
-3519.48
-3565.37
-3372.27
-3410.89
-3333.25
-3293.94
-3254.36
-3448.86
-3214.53
-3485.59
-3174.48
-3134.4
-3094.75
-3027.21
-3060.95
-2987.18
-2946.22
-2864.89
-2905.34
-2796.49
-2830.49
-2756.25
-2715.43
-2675.72
-2636
-2596.56
-2578.75
-2537.31
-2107.09
-2156.61
-2209.2
-2260.67
-2311.61
-2365.59
-2399.63
-2426.68
-2494.62
-2451.55
3988.7
3967.27
3959.46
3918.61
3876.93
2020.62
2060.63
2058.6
3877.67
3837.78
3796.86
3754.87
3732.85
3671.77
3710.47
3610.31
3653.12
3546.46
3515.79
3581.38
3351.98
3390.46
3427.99
3313.16
3273.89
3234.65
3464.29
3194.92
3498.3
3155.31
3116.21
3078.95
3005.17
3042.47
2965.65
2925.56
2848.26
2886.04
2774.14
2811.7
2734.72
2694.99
2655.58
2615.91
2576.12
2556.18
2515.47
2053.33
2096.59
2151.87
2202.02
2247.22
2324.92
2280.75
2354.09
2380.78
2407.66
2474.47
2433.61
2017.41
2016.21
2293.1
2541.79
2503.5
2483.79
2448.69
2408.42
2339.81
2373.95
2325.22
2280.31
2236.52
2193.36
2164.53
2129.64
2085.78
2090.7
2089.31
2076.83
2046.22
2017.38
2015.98
3988.95
3986.95
3957.87
3958.06
3921.37
3928.1
3885.66
3847.73
3813.82
3783.98
3758.85
3611.59
3646.57
3675.84
3705.29
3739.49
3521.47
3592.6
3557.24
-3988.7
-3967.27
-3959.46
-3918.61
-3876.93
-2017.41
-2016.21
-2293.1
-2541.79
-2503.5
-2483.79
-2448.69
-2408.42
-2339.81
-2373.95
-2325.22
-2280.31
-2236.52
-2193.36
-2164.53
-2129.64
-2085.78
-2090.7
-2089.31
-2076.83
-2046.22
-2017.38
-2015.98
-3988.95
-3986.95
-3957.87
-3958.06
-3921.37
-3928.1
-3885.66
-3847.73
-3813.82
-3783.98
-3758.85
-3611.59
-3646.57
-3675.84
-3705.29
-3739.49
-3521.47
-3592.6
-3557.24
-2020.62
-2060.63
-2058.6
-3877.67
-3837.78
-3796.86
-3754.87
-3732.85
-3671.77
-3710.47
-3610.31
-3653.12
-3546.46
-3515.79
-3581.38
-3351.98
-3390.46
-3427.99
-3313.16
-3273.89
-3234.65
-3464.29
-3194.92
-3498.3
-3155.31
-3116.21
-3078.95
-3005.17
-3042.47
-2965.65
-2925.56
-2848.26
-2886.04
-2774.14
-2811.7
-2734.72
-2694.99
-2655.58
-2615.91
-2576.12
-2556.18
-2515.47
-2053.33
-2096.59
-2151.87
-2202.02
-2247.22
-2324.92
-2280.75
-2354.09
-2380.78
-2407.66
-2474.47
-2433.61
3988.88
3986.54
3956.5
3917.45
2020.7
2018.93
3918.43
3881.17
3845.45
3813.97
3772.63
3748.67
3691.15
3727.69
3640.53
3611.11
3675.05
3530.97
3563.47
3595.62
2535.95
2495.18
2015.35
2042.3
2050.99
2100.36
2148.12
2192.69
2230.61
2308.35
2262.3
2335.32
2359.47
2393.53
2454.89
2415.24
2466.41
2429.18
2391.87
2355.31
2317.6
2299.34
2258.26
2217.15
2176.43
2150.46
2118.46
2083.14
2047.42
2045.09
2047.83
2045.59
2014.68
3986.2
3987.01
3961.06
3962.13
3968.84
3924.59
3888.07
3854.32
3824.15
3796.72
3773.53
3627.22
3659.79
3691.32
3723.22
3756.16
-3988.88
-3986.54
-3956.5
-3917.45
-2466.41
-2429.18
-2391.87
-2355.31
-2317.6
-2299.34
-2258.26
-2217.15
-2176.43
-2150.46
-2118.46
-2083.14
-2047.42
-2045.09
-2047.83
-2045.59
-2014.68
-3986.2
-3987.01
-3961.06
-3962.13
-3968.84
-3924.59
-3888.07
-3854.32
-3824.15
-3796.72
-3773.53
-3627.22
-3659.79
-3691.32
-3723.22
-3756.16
-2020.7
-2018.93
-3918.43
-3881.17
-3845.45
-3813.97
-3772.63
-3748.67
-3691.15
-3727.69
-3640.53
-3611.11
-3675.05
-3530.97
-3563.47
-3595.62
-2535.95
-2495.18
-2015.35
-2042.3
-2050.99
-2100.36
-2148.12
-2192.69
-2230.61
-2308.35
-2262.3
-2335.32
-2359.47
-2393.53
-2454.89
-2415.24
3985.48
3955.94
3956.79
3921.43
3888.24
3859.47
3824.91
3786.81
3763.6
3709.77
3744.15
3627.13
3659.42
3692.98
2014.95
2017.56
2053.14
2098.59
2142.21
2181.73
2215.79
2289.36
2244.81
2311.71
2326.27
2359.75
2377.74
2278.1
2237.93
2197.93
2158.56
2136.59
2108.43
2071.54
2040.68
2015.88
2015.01
2015.61
2013.93
3989.24
3989.45
3987.74
3960.64
3925.97
3893.09
3863.15
3836.28
3806.35
3788.39
-3985.48
-3955.94
-2278.1
-2237.93
-2197.93
-2158.56
-2136.59
-2108.43
-2071.54
-2040.68
-2015.88
-2015.01
-2015.61
-2013.93
-3989.24
-3989.45
-3987.74
-3960.64
-3925.97
-3893.09
-3863.15
-3836.28
-3806.35
-3788.39
-3956.79
-3921.43
-3888.24
-3859.47
-3824.91
-3786.81
-3763.6
-3709.77
-3744.15
-3627.13
-3659.42
-3692.98
-2014.95
-2017.56
-2053.14
-2098.59
-2142.21
-2181.73
-2215.79
-2289.36
-2244.81
-2311.71
-2326.27
-2359.75
-2377.74
3985.37
3985.89
3958.67
3926.16
3899.79
3861.45
3895.49
3833.11
3798.94
3777.98
3727.07
3760.44
2018.37
2052.17
2094.57
2134.55
2170.11
2200.99
2268.38
2226.4
2287.02
2304.44
2341.37
2120.93
2098.6
2070.04
2036.06
2031.28
2010.93
3987.45
3961.62
3929.68
3900.64
3876.1
3859.99
3833.17
3818.39
-3985.37
-2120.93
-2098.6
-2070.04
-2036.06
-2031.28
-2010.93
-3987.45
-3961.62
-3929.68
-3900.64
-3876.1
-3859.99
-3833.17
-3818.39
-3985.89
-3958.67
-3926.16
-3899.79
-3861.45
-3895.49
-3833.11
-3798.94
-3777.98
-3727.07
-3760.44
-2018.37
-2052.17
-2094.57
-2134.55
-2170.11
-2200.99
-2268.38
-2226.4
-2287.02
-2304.44
-2341.37
3986.69
3960.67
3928.99
3866.27
3896.52
3929.69
3842.42
3810.86
3793.17
2017.86
2049.73
2089.15
2125.51
2157.61
2184.98
2247.16
2207.54
2265.88
2085.06
2063.03
2034.74
2010.46
2009.93
3988.17
3963.98
3935.26
3910.28
3890.78
3875.31
3846.82
-2085.06
-2063.03
-2034.74
-2010.46
-2009.93
-3988.17
-3963.98
-3935.26
-3910.28
-3890.78
-3875.31
-3846.82
-3986.69
-3960.67
-3928.99
-3866.27
-3896.52
-3929.69
-3842.42
-3810.86
-3793.17
-2017.86
-2049.73
-2089.15
-2125.51
-2157.61
-2184.98
-2247.16
-2207.54
-2265.88
3987.34
3961.96
3872.13
3897.66
3931.99
3963.39
3824.8
3854.76
2016.64
2046.33
2082.54
2115.2
2143.91
2168.3
2227.16
2188.61
2051.92
2030.38
2009.59
3989.41
3967.26
3941.86
3920.84
3904.34
-2051.92
-2030.38
-2009.59
-3989.41
-3967.26
-3941.86
-3920.84
-3904.34
-3987.34
-3961.96
-3872.13
-3897.66
-3931.99
-3963.39
-3824.8
-3854.76
-2016.64
-2046.33
-2082.54
-2115.2
-2143.91
-2168.3
-2227.16
-2188.61
3987.87
3882.68
3896.87
3924.3
3968.24
3949.93
3989.24
2014.95
2042.17
2074.47
2103.61
2129.79
2150.89
2022.55
2007.97
3990.85
3971.03
3949.31
3932.41
-2022.55
-2007.97
-3990.85
-3971.03
-3949.31
-3932.41
-3987.87
-3882.68
-3896.87
-3924.3
-3968.24
-3949.93
-3989.24
-2014.95
-2042.17
-2074.47
-2103.61
-2129.79
-2150.89
3909.36
3935.83
3953.01
3991.26
3973.46
2012.72
2036.58
2062.57
2092.62
2114.36
2004.54
3992.34
3975.5
3958.6
-2004.54
-3992.34
-3975.5
-3958.6
-3909.36
-3935.83
-3953.01
-3991.26
-3973.46
-2012.72
-2036.58
-2062.57
-2092.62
-2114.36
3961.2
3977.3
3993.13
2009.65
2027.42
2058.86
2030.73
2080.07
3993.81
3982.09
-3993.81
-3982.09
-3961.2
-3977.3
-3993.13
-2009.65
-2027.42
-2058.86
-2030.73
-2080.07
3983.41
3994.27
2008.34
2048.75
2028.19
2008.45
3996.39
-3996.39
-3983.41
-3994.27
-2008.34
-2048.75
-2028.19
-2008.45
3996.62
2020.81
2007.37
-3996.62
-2020.81
-2007.37
2004.59
-2004.59
)
;

boundaryField
{
    frontAndBack
    {
        type            empty;
    }
    interno
    {
        type            calculated;
        value           nonuniform List<scalar> 
164
(
-2004.54
2004.54
2007.97
-2007.97
2009.59
-2009.59
2010.46
-2010.46
2009.93
-2009.93
2010.93
-2010.93
2013.93
-2013.93
2015.61
-2015.61
2015.88
-2015.88
2015.01
-2015.01
2014.68
-2014.68
2015.98
-2015.98
2017.38
-2017.38
2016.21
-2016.21
2293.1
-2293.1
2017.41
-2017.41
2020.56
-2020.56
2020.95
-2020.95
2018.78
-2018.78
2294.14
-2294.14
2017.85
-2017.85
2016.98
-2016.98
2014.91
-2014.91
2293.5
-2293.5
2019.78
-2019.78
2021.05
-2021.05
2017.26
-2017.26
2294.49
-2294.49
2019.99
-2019.99
2022.95
-2022.95
2020.83
-2020.83
2021.7
-2021.7
2027.09
-2027.09
2030.7
-2030.7
2032.52
-2032.52
2032.98
-2032.98
2030.28
-2030.28
2302.57
-2302.57
2033.65
-2033.65
2045.28
-2045.28
2116.58
2116.58
-2116.58
-2116.58
2044.32
-2044.32
2032.34
-2032.34
2028.62
-2028.62
2030.73
-2030.73
2030.35
-2030.35
2029.17
-2029.17
2028.27
-2028.27
2027.86
-2027.86
2026.83
-2026.83
2024.65
-2024.65
2020.85
-2020.85
2015.28
-2015.28
2012.67
-2012.67
2011.77
-2011.77
2012.78
-2012.78
2016.86
-2016.86
2018.44
-2018.44
2016.49
-2016.49
2016.63
-2016.63
2019.88
-2019.88
2020.86
-2020.86
2018.38
-2018.38
2294.1
-2294.1
2018.16
-2018.16
2020.62
-2020.62
2020.7
-2020.7
2018.93
-2018.93
2015.35
-2015.35
2014.95
-2014.95
2017.56
-2017.56
2018.37
-2018.37
2017.86
-2017.86
2016.64
-2016.64
2014.95
-2014.95
2012.72
-2012.72
2009.65
-2009.65
2008.34
-2008.34
2008.45
-2008.45
2007.37
-2007.37
2004.59
-2004.59
)
;
    }
    externo
    {
        type            calculated;
        value           nonuniform List<scalar> 
368
(
-3996.62
3996.62
3994.27
-3994.27
3993.13
-3993.13
3991.26
-3991.26
3989.24
-3989.24
3987.87
-3987.87
3987.34
-3987.34
3986.69
-3986.69
3985.89
-3985.89
3985.37
-3985.37
3985.48
-3985.48
3986.54
-3986.54
3988.88
-3988.88
3988.7
-3988.7
3986.96
-3986.96
3986.79
-3986.79
3987.8
-3987.8
3988.38
-3988.38
3987.59
-3987.59
3986.23
-3986.23
3985.28
-3985.28
3984.79
-3984.79
3984.52
-3984.52
3984.89
-3984.89
3985.29
-3985.29
3986.36
-3986.36
3987.42
-3987.42
3988.12
-3988.12
3989.67
-3989.67
3989.67
-3989.67
3988.41
-3988.41
3989.86
-3989.86
3989.6
-3989.6
3987.95
-3987.95
3987.9
-3987.9
3988.05
-3988.05
3987.3
-3987.3
3986.74
-3986.74
3986.26
-3986.26
3986.28
-3986.28
3986.53
-3986.53
3987.04
-3987.04
3987.88
-3987.88
3989.06
-3989.06
3990.09
-3990.09
3990.73
-3990.73
3992.03
-3992.03
3991.62
-3991.62
3990.16
-3990.16
3989.75
-3989.75
3990.48
-3990.48
3992.61
-3992.61
4559.92
-4559.92
3994.74
-3994.74
3994.11
-3994.11
3992.49
-3992.49
3992.33
-3992.33
3993.68
-3993.68
3993.76
-3993.76
3992.5
-3992.5
3992.42
-3992.42
3992.81
-3992.81
3993.69
-3993.69
3995.02
-3995.02
3995.27
-3995.27
3995.26
-3995.26
3995.74
-3995.74
3995.72
-3995.72
3995.02
-3995.02
3994.91
-3994.91
3995.3
-3995.3
3996.32
-3996.32
4561.92
-4561.92
3997.32
-3997.32
3997.13
-3997.13
3996.85
-3996.85
3997.09
-3997.09
3997.72
-3997.72
3997.85
-3997.85
3997.68
-3997.68
3997.75
-3997.75
3998.06
-3998.06
3998.44
-3998.44
3998.8
-3998.8
3999.05
-3999.05
3999.28
-3999.28
3999.54
-3999.54
3999.65
-3999.65
3999.7
-3999.7
3999.82
-3999.82
3999.93
-3999.93
3999.99
3999.99
-3999.99
-3999.99
3999.93
-3999.93
3999.93
-3999.93
3999.53
-3999.53
3999.53
-3999.53
3999.37
-3999.37
3999.04
-3999.04
3998.74
-3998.74
3998.48
-3998.48
3998.26
-3998.26
3998.15
-3998.15
3998.26
-3998.26
3998.23
-3998.23
3997.43
-3997.43
3997.33
-3997.33
3997.57
-3997.57
3997.46
-3997.46
3997
-3997
3997.13
-3997.13
3996.92
-3996.92
3996.12
-3996.12
3995.64
-3995.64
3995.36
-3995.36
3995.7
-3995.7
3995.59
-3995.59
3995.27
-3995.27
3994.88
-3994.88
3994.69
-3994.69
3994.66
-3994.66
3994.45
-3994.45
3993.64
-3993.64
3993.09
-3993.09
3992.54
-3992.54
3992.53
-3992.53
3993.02
-3993.02
3994.11
-3994.11
3993.91
-3993.91
3993.14
-3993.14
3993.32
-3993.32
3992.8
-3992.8
3990.97
-3990.97
3989.85
-3989.85
3989.33
-3989.33
3989.13
-3989.13
3989.19
-3989.19
3989.84
-3989.84
3991.55
-3991.55
3991.17
-3991.17
3989.29
-3989.29
3988.25
-3988.25
3988.06
-3988.06
3988.79
-3988.79
3990.36
-3990.36
3990.31
-3990.31
3988.17
-3988.17
3986.71
-3986.71
3986.21
-3986.21
3986.4
-3986.4
3986.85
-3986.85
3987.8
-3987.8
3989.95
-3989.95
3989.92
-3989.92
3987.91
-3987.91
3986.8
-3986.8
3986.13
-3986.13
3986
-3986
3985.64
-3985.64
3985.49
-3985.49
3985.45
-3985.45
3985.74
-3985.74
3986.82
-3986.82
3988.93
-3988.93
3988.83
-3988.83
3986.67
-3986.67
3985.72
-3985.72
3985.7
-3985.7
3986.66
-3986.66
3988.87
-3988.87
3988.95
-3988.95
3986.95
-3986.95
3986.2
-3986.2
3987.01
-3987.01
3989.24
-3989.24
3989.45
-3989.45
3987.74
-3987.74
3987.45
-3987.45
3988.17
-3988.17
3989.41
-3989.41
3990.85
-3990.85
3992.34
-3992.34
3993.81
-3993.81
3996.39
-3996.39
)
;
    }
    symHor
    {
        type            symmetryPlane;
    }
    symVert
    {
        type            symmetryPlane;
    }
}


// ************************************************************************* //
