/*--------------------------------*- C++ -*----------------------------------*\
| =========                 |                                                 |
| \\      /  F ield         | OpenFOAM: The Open Source CFD Toolbox           |
|  \\    /   O peration     | Version:  2.4.x                                 |
|   \\  /    A nd           | Web:      www.OpenFOAM.org                      |
|    \\/     M anipulation  |                                                 |
\*---------------------------------------------------------------------------*/
FoamFile
{
    version     2.0;
    format      ascii;
    class       volScalarField;
    location    "10";
    object      gradTy;
}
// * * * * * * * * * * * * * * * * * * * * * * * * * * * * * * * * * * * * * //

dimensions      [0 -1 0 1 0 0 0];

internalField   nonuniform List<scalar> 
6768
(
0.212947
0.212947
0.238364
0.58075
0.238364
0.58075
0.332933
0.635508
1.14473
0.332933
0.635508
1.14473
0.328214
0.790243
1.19678
1.75981
0.328214
0.790243
1.19678
1.75981
0.312487
0.783623
1.53114
1.79106
2.41679
0.312487
0.783623
1.53114
1.79106
2.41679
0.304275
0.657733
1.41892
2.44825
2.34145
2.32244
3.07816
0.304275
0.657733
1.41892
2.44825
2.34145
2.32244
3.07816
0.424891
0.927318
1.50881
2.33464
2.82892
3.02989
3.12205
3.6763
0.424891
0.927318
1.50881
2.33464
2.82892
3.02989
3.12205
3.6763
0.381282
0.875144
1.55551
2.35757
3.23652
3.40382
3.61424
4.01051
4.35716
0.381282
0.875144
1.55551
2.35757
3.23652
3.40382
3.61424
4.01051
4.35716
0.344822
0.861249
1.54442
2.31132
3.08778
3.89637
4.08797
4.35433
4.90599
4.88758
5.07118
0.344822
0.861249
1.54442
2.31132
3.08778
3.89637
4.08797
4.35433
4.90599
4.88758
5.07118
0.298258
0.831105
1.51929
2.13471
2.78323
3.40208
4.87201
4.14781
4.69623
5.33142
5.59473
5.59884
5.84912
0.298258
0.831105
1.51929
2.13471
2.78323
3.40208
4.87201
4.14781
4.69623
5.33142
5.59473
5.59884
5.84912
0.181406
0.785991
1.52265
2.24143
3.02538
3.80223
5.52786
4.93469
4.49951
6.65675
6.09124
6.39313
6.27491
0.181406
0.785991
1.52265
2.24143
3.02538
3.80223
5.52786
4.93469
4.49951
6.65675
6.09124
6.39313
6.27491
0.261831
0.5727
1.35972
2.27889
3.0498
3.40113
4.111
6.01146
5.55424
5.11083
4.66781
7.59407
6.95077
7.30241
6.83885
0.261831
0.5727
1.35972
2.27889
3.0498
3.40113
4.111
6.01146
5.55424
5.11083
4.66781
7.59407
6.95077
7.30241
6.83885
0.264346
0.597762
0.972824
1.38933
2.1213
2.86636
3.54966
4.26442
6.19742
6.04166
5.6786
5.31111
4.85956
8.73248
7.98772
8.51741
7.24533
0.264346
0.597762
0.972824
1.38933
2.1213
2.86636
3.54966
4.26442
6.19742
6.04166
5.6786
5.31111
4.85956
8.73248
7.98772
8.51741
7.24533
0.417738
0.767446
1.46444
2.16617
2.89383
3.6213
4.27763
6.36239
6.35993
6.16935
5.90759
5.53659
4.95492
10.3547
9.12517
10.3924
9.11653
6.70146
0.417738
0.767446
1.46444
2.16617
2.89383
3.6213
4.27763
6.36239
6.35993
6.16935
5.90759
5.53659
4.95492
10.3547
9.12517
10.3924
9.11653
6.70146
0.16361
0.498728
1.30747
2.21923
2.90311
3.63606
4.34381
5.99684
6.6024
6.5661
6.51551
6.13903
5.71307
5.05187
12.2614
14.703
12.1353
8.50983
4.60288
0.16361
0.498728
1.30747
2.21923
2.90311
3.63606
4.34381
5.99684
6.6024
6.5661
6.51551
6.13903
5.71307
5.05187
12.2614
14.703
12.1353
8.50983
4.60288
0.269369
0.557533
0.955137
1.33582
2.00404
2.88861
3.62526
4.3665
5.67482
7.00147
7.20953
7.14948
7.00436
6.46414
5.89793
5.0815
19.4368
14.5185
1.36667
2.79992
0.269369
0.557533
0.955137
1.33582
2.00404
2.88861
3.62526
4.3665
5.67482
7.00147
7.20953
7.14948
7.00436
6.46414
5.89793
5.0815
19.4368
14.5185
1.36667
2.79992
0.18716
0.299207
0.472097
1.27876
2.19586
2.87137
3.59339
4.34659
6.14051
7.8394
7.96642
7.90211
7.74342
7.67079
6.38883
6.85531
5.63407
5.06541
29.9262
25.622
41.7933
-4.84102
4.58825
0.18716
0.299207
0.472097
1.27876
2.19586
2.87137
3.59339
4.34659
6.14051
7.8394
7.96642
7.90211
7.74342
7.67079
6.38883
6.85531
5.63407
5.06541
29.9262
25.622
41.7933
-4.84102
4.58825
0.331951
0.622366
1.07113
1.25594
1.9532
2.85542
3.592
4.31855
7.58998
9.02532
8.91708
8.76252
8.55025
8.25827
7.96753
6.77162
7.43579
8.2837
5.87913
5.11364
53.8664
47.3741
-9.4671
16.5185
7.91498
8.32571
0.331951
0.622366
1.07113
1.25594
1.9532
2.85542
3.592
4.31855
7.58998
9.02532
8.91708
8.76252
8.55025
8.25827
7.96753
6.77162
7.43579
8.2837
5.87913
5.11364
53.8664
47.3741
-9.4671
16.5185
7.91498
8.32571
0.300637
0.537104
0.780866
1.37535
2.21952
2.67879
3.401
4.40616
9.4233
10.2959
10.0291
9.72022
9.42892
9.10851
8.68939
6.6413
7.16226
7.9947
9.3372
8.34376
5.88311
5.07898
27.5057
15.8194
11.7292
10.7922
0.300637
0.537104
0.780866
1.37535
2.21952
2.67879
3.401
4.40616
9.4233
10.2959
10.0291
9.72022
9.42892
9.10851
8.68939
6.6413
7.16226
7.9947
9.3372
8.34376
5.88311
5.07898
27.5057
15.8194
11.7292
10.7922
0.375771
0.714268
1.363
1.87867
2.64192
2.95935
3.4601
4.17571
10.9667
11.4157
11.3047
10.7466
10.3604
10.0008
9.62481
6.62126
7.49351
8.40233
10.1549
9.83605
9.02204
5.87599
5.08697
20.9557
14.9679
13.2664
12.2156
0.375771
0.714268
1.363
1.87867
2.64192
2.95935
3.4601
4.17571
10.9667
11.4157
11.3047
10.7466
10.3604
10.0008
9.62481
6.62126
7.49351
8.40233
10.1549
9.83605
9.02204
5.87599
5.08697
20.9557
14.9679
13.2664
12.2156
0.238192
0.571475
1.19825
2.12795
2.71492
3.40215
4.41901
12.2388
12.5489
12.5618
11.7204
11.3111
10.9085
10.5172
6.69622
7.56436
8.51537
10.9842
10.4484
10.3181
9.14535
10.2594
5.89672
5.11349
18.2119
14.4791
14.112
13.1989
0.238192
0.571475
1.19825
2.12795
2.71492
3.40215
4.41901
12.2388
12.5489
12.5618
11.7204
11.3111
10.9085
10.5172
6.69622
7.56436
8.51537
10.9842
10.4484
10.3181
9.14535
10.2594
5.89672
5.11349
18.2119
14.4791
14.112
13.1989
0.2025
0.812524
1.17436
2.05936
2.4092
2.99693
3.58817
4.23091
13.0412
13.3824
13.4735
12.6579
12.246
11.825
11.413
6.71162
7.51884
8.36791
11.8876
11.3481
10.7315
9.20715
10.3959
11.402
5.88983
5.06985
17.3151
14.1084
14.0127
14.6157
14.0954
0.2025
0.812524
1.17436
2.05936
2.4092
2.99693
3.58817
4.23091
13.0412
13.3824
13.4735
12.6579
12.246
11.825
11.413
6.71162
7.51884
8.36791
11.8876
11.3481
10.7315
9.20715
10.3959
11.402
5.88983
5.06985
17.3151
14.1084
14.0127
14.6157
14.0954
0.262531
0.482237
1.57434
1.73636
1.89626
2.89039
3.47282
4.32011
13.7447
14.1779
14.3
14.2864
13.6479
13.1271
12.7092
12.3014
6.67419
7.45175
8.3082
12.7719
12.3719
11.6562
9.07214
9.94643
11.0626
11.7416
12.3619
5.86084
5.08958
16.7338
16.1814
14.1123
15.0673
14.5493
0.262531
0.482237
1.57434
1.73636
1.89626
2.89039
3.47282
4.32011
13.7447
14.1779
14.3
14.2864
13.6479
13.1271
12.7092
12.3014
6.67419
7.45175
8.3082
12.7719
12.3719
11.6562
9.07214
9.94643
11.0626
11.7416
12.3619
5.86084
5.08958
16.7338
16.1814
14.1123
15.0673
14.5493
0.314735
0.832602
1.28667
1.53477
1.97897
2.16807
2.60635
3.56277
4.31002
15.0624
14.8465
14.8851
14.9436
14.4469
13.9842
13.5626
13.1713
6.63756
7.38986
8.21481
13.6302
13.2997
12.9706
8.9511
9.75985
10.4001
11.5096
12.6273
13.1172
14.145
13.6372
5.8436
5.04922
16.6745
14.2285
14.7187
15.4901
0.314735
0.832602
1.28667
1.53477
1.97897
2.16807
2.60635
3.56277
4.31002
15.0624
14.8465
14.8851
14.9436
14.4469
13.9842
13.5626
13.1713
6.63756
7.38986
8.21481
13.6302
13.2997
12.9706
8.9511
9.75985
10.4001
11.5096
12.6273
13.1172
14.145
13.6372
5.8436
5.04922
16.6745
14.2285
14.7187
15.4901
0.330558
0.688027
0.55132
0.999616
1.20539
1.70685
1.97145
2.84383
3.55505
4.28923
15.8874
15.6623
15.443
15.4038
15.5013
15.1487
14.7689
14.3846
14.0093
6.57999
7.31289
8.14643
14.4747
14.1104
13.7806
8.98211
9.52557
10.4656
11.791
12.7922
11.8218
12.7635
14.4862
13.8252
14.0285
14.7329
5.7872
5.0232
16.9635
17.0365
15.1932
0.330558
0.688027
0.55132
0.999616
1.20539
1.70685
1.97145
2.84383
3.55505
4.28923
15.8874
15.6623
15.443
15.4038
15.5013
15.1487
14.7689
14.3846
14.0093
6.57999
7.31289
8.14643
14.4747
14.1104
13.7806
8.98211
9.52557
10.4656
11.791
11.8218
12.7635
12.7922
14.4862
13.8252
14.0285
14.7329
5.7872
5.0232
16.9635
17.0365
15.1932
0.211656
0.24605
0.841144
0.567356
0.952794
1.48354
2.13807
2.83975
3.47218
4.28181
15.7556
16.4664
16.2286
15.9098
15.8172
15.9667
15.7562
15.4872
15.1736
14.8303
6.5161
7.24068
8.01248
15.2946
14.9504
14.5594
8.47253
9.45954
10.185
11.4
13.5483
14.5033
12.0285
13.1468
15.1928
14.5596
15.0255
15.5982
5.74604
5.00505
17.5781
0.211656
0.24605
0.841144
0.567356
0.952794
1.48354
2.13807
2.83975
3.47218
4.28181
15.7556
16.4664
16.2286
15.9098
15.8172
15.9667
15.7562
15.4872
15.1736
14.8303
6.5161
7.24068
8.01248
15.2946
14.9504
14.5594
8.47253
9.45954
10.185
11.4
12.0285
13.1468
13.5483
14.5033
15.1928
14.5596
15.0255
15.5982
5.74604
5.00505
17.5781
0.341498
0.386535
0.394227
0.836119
1.44989
2.12158
2.83036
3.60686
4.2395
18.2899
16.3995
17.2012
16.5698
16.1943
16.0885
16.3921
16.3193
16.1437
15.9069
15.6214
6.46624
7.19645
7.92971
16.0964
15.7721
15.4241
8.83548
9.94223
10.1793
11.1085
14.6585
13.9416
15.1594
12.0602
13.0374
16.1262
15.6057
15.9253
16.4627
5.70919
4.94508
0.341498
0.386535
0.394227
0.836119
1.44989
2.12158
2.83036
3.60686
4.2395
18.2899
16.3995
17.2012
16.5698
16.1943
16.0885
16.3921
16.3193
16.1437
15.9069
15.6214
6.46624
7.19645
7.92971
16.0964
15.7721
15.4241
8.83548
9.94223
10.1793
11.1085
12.0602
13.0374
13.9416
14.6585
15.1594
16.1262
15.6057
15.9253
16.4627
5.70919
4.94508
0.292563
0.687366
1.34246
1.73941
2.60249
3.2662
4.16605
19.248
17.2674
18.1503
16.7221
16.102
16.2587
16.8472
16.8751
16.78
16.606
16.3738
6.42674
7.16634
7.97434
16.8629
16.5841
16.2637
8.76568
9.60405
10.2712
11.1632
15.5391
14.9095
13.9889
15.9249
12.0158
13.0144
16.764
17.0347
16.7717
17.309
5.64058
4.8727
0.292563
0.687366
1.34246
1.73941
2.60249
3.2662
4.16605
19.248
17.2674
18.1503
16.7221
16.102
16.2587
16.8472
16.8751
16.78
16.606
16.3738
6.42674
7.16634
7.97434
16.8629
16.5841
16.2637
8.76568
9.60405
10.2712
11.1632
12.0158
13.0144
13.9889
14.9095
15.5391
15.9249
17.0347
16.764
16.7717
17.309
5.64058
4.8727
0.127925
0.585358
1.69445
1.90202
2.08578
2.5081
3.38593
4.11149
20.7706
18.0492
19.1259
18.423
16.2463
15.5564
16.5473
17.4183
17.4724
17.4088
17.2817
17.0966
6.34482
7.06757
7.91247
17.6172
17.3737
17.0885
8.64513
9.47928
10.191
11.0626
16.6541
16.3992
15.4359
14.3327
17.4738
11.8387
12.7994
17.7792
17.8667
17.6145
18.1645
5.57597
4.83043
0.127925
0.585358
1.69445
1.90202
2.08578
2.5081
3.38593
4.11149
20.7706
18.0492
19.1259
18.423
16.2463
15.5564
16.5473
17.4183
17.4724
17.4088
17.2817
17.0966
6.34482
7.06757
7.91247
17.6172
17.3737
17.0885
8.64513
9.47928
10.191
11.0626
11.8387
12.7994
14.3327
15.4359
16.3992
16.6541
17.4738
17.8667
17.7792
17.6145
18.1645
5.57597
4.83043
-0.177334
0.0276692
0.901115
1.37211
2.25821
2.66222
3.3821
4.09097
22.3355
24.2529
20.7195
17.0395
13.2336
15.5594
17.1732
18.1491
18.1513
18.0822
17.9698
17.8148
6.29236
7.00902
7.79795
18.35
18.1493
17.9043
8.53583
9.37498
10.1036
10.9173
17.9285
18.766
17.7269
15.355
16.9872
14.8713
13.9469
12.8607
18.685
11.6186
12.4901
18.3552
18.8275
18.4393
18.9807
5.53137
4.77116
-0.177334
0.0276692
0.901115
1.37211
2.25821
2.66222
3.3821
4.09097
22.3355
24.2529
20.7195
17.0395
13.2336
15.5594
17.1732
18.1491
18.1513
18.0822
17.9698
17.8148
6.29236
7.00902
7.79795
18.35
18.1493
17.9043
8.53583
9.37498
10.1036
10.9173
11.6186
12.4901
12.8607
13.9469
15.355
14.8713
16.9872
17.7269
18.766
17.9285
18.685
18.8275
18.3552
18.4393
18.9807
5.53137
4.77116
0.217506
0.528316
1.12097
0.241852
1.27551
1.87217
2.68611
3.34117
4.04954
28.6877
23.6459
11.1992
5.02358
14.073
16.8538
18.1666
18.9875
18.8732
18.775
18.6528
18.5148
6.23809
6.92995
7.72906
19.0607
18.8944
18.6891
8.44294
9.26648
9.98923
10.8537
18.3523
19.5049
19.3457
18.5816
16.9468
16.4042
18.1542
14.6022
13.4207
18.6157
12.1998
11.7637
19.8624
19.5152
19.2538
19.7429
5.45417
4.71839
0.217506
0.528316
1.12097
0.241852
1.27551
1.87217
2.68611
3.34117
4.04954
28.6877
23.6459
11.1992
5.02358
14.073
16.8538
18.1666
18.9875
18.8732
18.775
18.6528
18.5148
6.23809
6.92995
7.72906
19.0607
18.8944
18.6891
8.44294
9.26648
9.98923
10.8537
11.7637
12.1998
13.4207
14.6022
16.9468
16.4042
18.1542
18.5816
19.3457
19.5049
18.3523
18.6157
19.5152
19.8624
19.2538
19.7429
5.45417
4.71839
0.0949557
0.279537
0.420671
0.689603
1.4051
1.14394
2.07472
2.65392
3.31066
4.00674
38.566
34.6055
49.7807
23.7975
16.5964
17.4164
18.4683
19.2323
19.8478
19.6368
19.5013
19.3563
19.2113
6.13652
6.82567
7.63008
19.774
19.6245
19.4738
8.33507
9.15029
9.85542
10.6929
20.7579
20.4232
20.0381
19.5592
17.8166
16.6506
15.1445
19.1333
14.0762
12.5642
20.3882
12.2291
11.2075
20.788
19.903
20.1092
20.935
5.37871
4.66955
0.0949557
0.279537
0.420671
0.689603
1.4051
1.14394
2.07472
2.65392
3.31066
4.00674
38.566
34.6055
49.7807
23.7975
16.5964
17.4164
18.4683
19.2323
19.8478
19.6368
19.5013
19.3563
19.2113
6.13652
6.82567
7.63008
19.774
19.6245
19.4738
8.33507
9.15029
9.85542
10.6929
11.2075
12.2291
12.5642
14.0762
15.1445
17.8166
16.6506
19.1333
19.5592
20.0381
20.4232
20.7579
20.3882
20.788
19.903
20.1092
20.935
5.37871
4.66955
0.353928
0.772549
0.852964
1.34264
2.0077
2.62104
3.27851
3.97871
62.8643
55.4874
5.18195
35.7168
23.6169
20.3813
19.6825
19.859
20.2317
20.65
20.4025
20.2398
20.0836
19.9248
6.04665
6.72965
7.52352
20.4803
20.3332
20.2052
8.22089
9.03311
9.71718
10.4637
21.2647
21.3607
21.2749
20.9547
20.5452
18.6888
17.3402
15.9528
14.6896
20.1005
13.4589
12.3376
11.9019
11.018
22.1332
20.6561
20.8729
21.7392
5.30906
4.61424
0.353928
0.772549
0.852964
1.34264
2.0077
2.62104
3.27851
3.97871
62.8643
55.4874
5.18195
35.7168
23.6169
20.3813
19.6825
19.859
20.2317
20.65
20.4025
20.2398
20.0836
19.9248
6.04665
6.72965
7.52352
20.4803
20.3332
20.2052
8.22089
9.03311
9.71718
10.4637
11.018
11.9019
12.3376
13.4589
14.6896
15.9528
18.6888
17.3402
20.1005
20.5452
20.9547
21.2749
21.2647
21.3607
22.1332
20.6561
20.8729
21.7392
5.30906
4.61424
0.460878
0.782438
1.35144
1.9554
2.57985
3.19266
3.90097
29.5138
22.9116
21.866
20.8934
20.9252
21.0672
21.365
21.1151
20.9865
20.81
20.6383
5.95708
6.62604
7.40475
21.1799
21.0405
20.9082
8.09323
8.90648
9.57697
10.3739
22.4885
22.4839
22.75
22.2868
21.9726
21.5738
19.5896
18.1344
16.7202
15.3705
14.0665
21.0987
12.3744
11.8105
11.59
22.6605
21.3665
23.7628
21.496
21.8163
5.23936
4.54377
0.460878
0.782438
1.35144
1.9554
2.57985
3.19266
3.90097
29.5138
22.9116
21.866
20.8934
20.9252
21.0672
21.365
21.1151
20.9865
20.81
20.6383
5.95708
6.62604
7.40475
21.1799
21.0405
20.9082
8.09323
8.90648
9.57697
10.3739
11.8105
11.59
12.3744
14.0665
15.3705
16.7202
19.5896
18.1344
21.0987
21.5738
21.9726
22.2868
22.4885
22.4839
22.75
22.6605
23.7628
21.3665
21.496
21.8163
5.23936
4.54377
0.327043
0.738137
1.33114
1.88689
2.51181
3.12129
3.80875
27.007
22.4056
22.4461
21.8723
21.4874
21.7665
21.9726
21.707
21.7593
21.5398
21.3461
5.86779
6.53174
7.2967
21.8767
21.7314
21.6061
7.95063
8.76943
9.48124
10.3593
23.6005
23.7212
23.8943
24.2872
23.3842
23.0721
22.6685
20.5226
18.9547
17.4556
16.0316
14.6614
13.2739
22.1588
12.0101
11.2663
10.5845
22.409
23.0364
24.6576
22.1464
5.16219
4.47236
0.327043
0.738137
1.33114
1.88689
2.51181
3.12129
3.80875
27.007
22.4056
22.4461
21.8723
21.4874
21.7665
21.9726
21.707
21.7593
21.5398
21.3461
5.86779
6.53174
7.2967
21.8767
21.7314
21.6061
7.95063
8.76943
9.48124
10.3593
10.5845
11.2663
13.2739
12.0101
14.6614
16.0316
17.4556
20.5226
18.9547
22.1588
22.6685
23.0721
23.3842
23.6005
23.7212
23.8943
24.2872
22.409
23.0364
24.6576
22.1464
5.16219
4.47236
0.213352
0.620518
1.30172
1.75623
2.45436
3.03491
3.76467
26.419
21.8234
21.8765
22.3959
22.6842
22.0833
22.3908
22.8169
22.0582
22.5865
22.2442
22.0407
5.779
6.40218
7.15821
22.5419
22.4176
22.3004
7.78664
8.60299
9.23876
10.2713
24.7897
24.9268
25.0523
25.2072
25.2822
24.5761
24.2725
23.8552
21.4925
19.7788
18.1657
16.6504
15.1911
13.7572
12.2368
23.2904
11.2825
10.9872
11.0865
10.5983
22.8278
23.2305
23.4332
25.8709
5.05982
4.38318
0.213352
0.620518
1.30172
1.75623
2.45436
3.03491
3.76467
26.419
21.8234
21.8765
22.3959
22.6842
22.0833
22.3908
22.8169
22.0582
22.5865
22.2442
22.0407
5.779
6.40218
7.15821
22.5419
22.4176
22.3004
7.78664
8.60299
9.23876
10.2713
10.5983
10.9872
13.7572
12.2368
11.2825
11.0865
15.1911
16.6504
18.1657
21.4925
19.7788
23.2904
23.8552
24.2725
24.5761
24.7897
24.9268
25.0523
25.2072
25.2822
22.8278
23.2305
23.4332
25.8709
5.05982
4.38318
0.0634981
0.540126
1.3966
1.98405
2.35397
2.94775
3.66783
25.8506
25.2104
22.2071
22.7615
22.6558
23.1245
22.8319
22.9768
23.2785
22.7708
23.2879
22.6955
22.6799
5.66307
6.26074
7.00342
23.179
23.0565
22.9829
7.62951
8.42668
9.04123
9.41651
26.0773
26.1926
26.2691
26.3199
26.2911
26.148
25.8879
25.6003
25.1606
22.5075
20.6126
18.8648
17.2383
15.6926
14.201
12.7536
11.3906
24.5185
9.29851
9.90451
9.7756
10.4059
23.6177
24.4308
24.4603
26.4477
24.9487
4.94549
4.26651
0.0634981
0.540126
1.3966
1.98405
2.35397
2.94775
3.66783
25.8506
25.2104
22.2071
22.7615
22.6558
23.1245
22.8319
22.9768
23.2785
22.7708
23.2879
22.6955
22.6799
5.66307
6.26074
7.00342
23.179
23.0565
22.9829
7.62951
8.42668
9.04123
9.41651
9.7756
14.201
12.7536
11.3906
9.29851
9.90451
10.4059
15.6926
17.2383
18.8648
22.5075
20.6126
24.5185
25.1606
25.6003
25.8879
26.0773
26.1926
26.2691
26.3199
26.2911
26.148
23.6177
24.4308
24.4603
26.4477
24.9487
4.94549
4.26651
-0.251933
-0.0892615
1.05836
1.51744
2.2891
2.88771
3.58651
25.1203
22.2565
22.236
22.9813
23.3014
23.3089
23.462
23.508
23.1102
23.9966
23.2679
23.3119
5.53892
6.12018
6.84669
23.8077
23.6657
23.6159
7.55359
8.20472
8.5588
27.4982
27.5595
27.58
27.5413
27.4561
27.281
27.1445
27.3556
27.0851
26.6176
23.588
21.4746
19.545
17.7758
16.1317
14.6043
13.165
11.7826
10.5544
25.8683
8.8238
8.5867
8.84974
9.74384
9.48892
24.3452
25.2157
25.8815
27.2621
25.1102
4.82763
4.1992
-0.251933
-0.0892615
1.05836
1.51744
2.2891
2.88771
3.58651
25.1203
22.2565
22.236
22.9813
23.3014
23.3089
23.462
23.508
23.1102
23.9966
23.2679
23.3119
5.53892
6.12018
6.84669
23.8077
23.6657
23.6159
7.55359
8.20472
8.5588
14.6043
13.165
11.7826
10.5544
8.8238
8.5867
8.84974
9.74384
9.48892
16.1317
17.7758
19.545
23.588
21.4746
25.8683
26.6176
27.0851
27.3556
27.4982
27.5595
27.58
27.5413
27.4561
27.281
27.1445
24.3452
25.2157
25.8815
27.2621
25.1102
4.82763
4.1992
0.274084
0.50316
1.30507
0.904711
1.80292
2.29307
2.75386
3.55193
25.2889
25.4126
22.4556
23.3221
23.6136
23.7394
23.8745
24.0267
23.7673
24.3038
24.0701
23.8848
5.43018
6.01983
6.6585
24.3782
24.2544
24.1925
6.86936
8.29535
29.0912
29.0715
28.9999
28.8578
28.6851
28.4507
28.2012
28.0694
29.0161
28.7742
28.2736
24.7514
22.3456
20.1924
18.2614
16.5183
14.949
13.5217
12.2645
11.3917
10.0728
27.3917
7.4504
8.22469
7.11602
8.57651
8.56416
24.9662
26.416
25.7907
26.6454
27.8521
4.65699
4.15896
0.274084
0.50316
1.30507
0.904711
1.80292
2.29307
2.75386
3.55193
25.2889
25.4126
22.4556
23.3221
23.6136
23.7394
23.8745
24.0267
23.7673
24.3038
24.0701
23.8848
5.43018
6.01983
6.6585
24.3782
24.2544
24.1925
6.86936
8.29535
14.949
13.5217
12.2645
11.3917
10.0728
7.4504
8.22469
7.11602
8.57651
8.56416
16.5183
18.2614
20.1924
24.7514
22.3456
27.3917
28.2736
28.7742
29.0161
29.0912
29.0715
28.9999
28.8578
28.6851
28.4507
28.2012
28.0694
24.9662
26.416
25.7907
26.6454
27.8521
4.65699
4.15896
0.187061
0.751762
0.700776
1.10946
1.71842
2.26008
3.0956
3.06417
25.5986
22.7172
23.6427
23.9505
24.1374
24.2965
24.5024
24.3272
24.7422
24.6042
24.4644
5.29455
5.76629
6.74631
24.9948
24.8167
24.7187
6.9129
30.896
30.7499
30.5512
30.303
29.9958
29.698
29.339
29.025
28.7929
30.9152
30.7398
30.2182
26.0053
23.2332
20.8144
18.7012
16.852
15.2107
13.7404
12.443
11.3184
10.0816
8.67744
8.68493
29.1362
6.85773
7.38892
7.34147
7.82585
8.16453
26.1443
24.9761
27.2386
25.6724
27.6522
28.5149
4.80512
3.7467
0.187061
0.751762
0.700776
1.10946
1.71842
2.26008
3.0956
3.06417
25.5986
22.7172
23.6427
23.9505
24.1374
24.2965
24.5024
24.3272
24.7422
24.6042
24.4644
5.29455
5.76629
6.74631
24.9948
24.8167
24.7187
6.9129
15.2107
13.7404
12.443
11.3184
10.0816
8.67744
8.68493
6.85773
7.38892
7.34147
7.82585
8.16453
16.852
18.7012
20.8144
26.0053
23.2332
29.1362
30.2182
30.7398
30.9152
30.896
30.7499
30.5512
30.303
29.9958
29.698
29.339
29.025
28.7929
26.1443
24.9761
27.2386
25.6724
27.6522
28.5149
4.80512
3.7467
0.392397
0.628222
1.1511
1.54881
2.19802
2.28807
3.19799
25.842
22.9734
23.9358
24.3217
24.5486
24.6904
24.9353
24.8151
25.1769
25.0961
25.0062
5.11292
5.58778
5.88738
25.515
25.7124
32.9523
32.6632
32.2847
31.8533
31.4201
31.0045
30.5382
30.075
29.7082
29.5001
33.1195
33.0964
32.5691
27.4007
24.1352
21.3832
19.0747
17.1094
15.3999
13.8887
12.5537
11.3503
10.1706
8.8841
7.91055
8.46749
8.07197
8.16723
31.241
6.08453
6.29947
6.60074
7.04545
7.48318
26.2902
26.7856
26.0056
27.5674
28.3311
29.0134
4.22208
3.64284
3.55633
0.392397
0.628222
1.1511
1.54881
2.19802
2.28807
3.19799
25.842
22.9734
23.9358
24.3217
24.5486
24.6904
24.9353
24.8151
25.1769
25.0961
25.0062
5.11292
5.58778
5.88738
25.515
25.7124
15.3999
13.8887
12.5537
11.3503
10.1706
8.8841
7.91055
8.46749
8.07197
8.16723
6.08453
6.29947
6.60074
7.04545
7.48318
17.1094
19.0747
21.3832
27.4007
24.1352
32.5691
31.241
33.0964
33.1195
32.9523
32.6632
32.2847
31.8533
31.4201
31.0045
30.5382
30.075
29.7082
29.5001
26.2902
26.7856
26.0056
27.5674
28.3311
29.0134
4.22208
3.64284
3.55633
0.116394
0.555168
1.31019
1.86998
2.12498
2.81778
26.12
23.2362
24.2347
24.7718
24.9289
25.0785
25.3794
25.2459
25.6123
25.5498
25.5141
4.93674
5.49855
25.9847
35.2931
34.8649
34.2459
33.4946
32.9443
32.3594
31.7735
31.1761
30.6876
30.3139
30.3148
35.789
36.0391
35.574
28.979
25.0208
21.8752
19.3458
17.2895
15.5339
13.9918
12.6422
11.4195
10.3066
9.26345
8.40408
7.3274
7.35957
7.03755
6.94431
7.01273
33.9094
5.25978
5.84185
6.25682
6.65547
26.4264
26.834
27.3223
27.909
29.1083
28.8521
4.38266
3.22369
3.67017
0.116394
0.555168
1.31019
1.86998
2.12498
2.81778
26.12
23.2362
24.2347
24.7718
24.9289
25.0785
25.3794
25.2459
25.6123
25.5498
25.5141
4.93674
5.49855
25.9847
15.5339
13.9918
12.6422
11.4195
10.3066
9.26345
8.40408
7.3274
7.35957
7.03755
6.94431
7.01273
5.25978
5.84185
6.25682
6.65547
17.2895
19.3458
21.8752
28.979
25.0208
35.574
36.0391
33.9094
35.789
35.2931
34.8649
34.2459
33.4946
32.9443
32.3594
31.7735
31.1761
30.6876
30.3139
30.3148
26.4264
26.834
27.3223
27.909
29.1083
28.8521
4.38266
3.22369
3.67017
-0.252585
-0.258683
0.94211
1.37837
2.19038
2.72299
26.4069
23.4999
24.4711
25.2781
25.065
25.5221
25.7989
25.7059
26.0596
26.0115
25.9879
4.82016
38.1488
37.0356
36.821
35.2242
34.5885
33.7823
33.0383
32.3605
31.7659
31.1925
30.6043
30.9092
39.2105
39.9429
39.6668
30.8031
25.8074
22.2267
19.4293
17.336
15.568
14.0218
12.6733
11.4526
10.3801
9.40605
8.50553
8.16504
6.37979
6.4902
6.68528
6.16769
6.55363
6.29969
37.562
4.6608
5.30216
5.50502
5.91528
26.4365
26.8712
27.327
27.7683
28.0106
30.0107
29.4169
4.1945
3.1097
3.47681
-0.252585
-0.258683
0.94211
1.37837
2.19038
2.72299
26.4069
23.4999
24.4711
25.2781
25.065
25.5221
25.7989
25.7059
26.0596
26.0115
25.9879
4.82016
15.568
14.0218
12.6733
11.4526
10.3801
9.40605
8.50553
8.16504
6.37979
6.4902
6.68528
6.16769
6.55363
6.29969
4.6608
5.30216
5.50502
5.91528
17.336
19.4293
22.2267
30.8031
25.8074
39.6668
39.9429
39.2105
37.562
38.1488
37.0356
36.821
35.2242
34.5885
33.7823
33.0383
32.3605
31.7659
31.1925
30.6043
30.9092
26.4365
26.8712
27.327
27.7683
28.0106
30.0107
29.4169
4.1945
3.1097
3.47681
0.161191
0.359302
1.39297
0.804508
1.71952
2.14364
2.57762
26.7118
23.7382
24.6451
25.6869
25.4357
25.8443
26.1587
26.108
26.4731
26.4523
41.784
39.8315
38.2505
38.2939
36.2776
35.2379
34.3633
33.5862
32.8766
32.2845
31.6839
30.6588
30.5624
32.1155
43.8372
45.6529
45.8022
32.7053
26.4997
21.7776
18.848
17.0601
15.4269
13.9429
12.6187
11.4191
10.358
9.42959
8.46522
7.18948
6.73388
5.74133
6.14829
6.30213
5.82033
6.04481
5.90437
5.51131
5.57091
43.4298
3.62604
4.24685
4.57533
5.16703
26.868
27.3118
27.8394
28.5846
28.7306
30.5202
28.9043
3.02273
3.74198
0.161191
0.359302
1.39297
0.804508
1.71952
2.14364
2.57762
26.7118
23.7382
24.6451
25.6869
25.4357
25.8443
26.1587
26.108
26.4731
26.4523
15.4269
13.9429
12.6187
11.4191
10.358
9.42959
8.46522
7.18948
6.73388
5.74133
6.14829
6.30213
5.82033
6.04481
5.90437
5.51131
5.57091
3.62604
4.24685
4.57533
5.16703
17.0601
18.848
21.7776
32.7053
26.4997
45.8022
45.6529
43.8372
41.784
43.4298
39.8315
38.2505
38.2939
36.2776
35.2379
34.3633
33.5862
32.8766
32.2845
31.6839
30.6588
30.5624
32.1155
26.868
27.3118
27.8394
28.5846
28.7306
30.5202
28.9043
3.02273
3.74198
0.203908
0.829889
0.698911
1.00342
1.58662
2.04369
2.47761
27.0949
24.2296
25.1595
25.2271
26.1685
26.0438
26.2815
26.5922
26.5236
26.9052
26.873
46.4466
43.5473
41.3536
39.5196
38.9878
38.6295
36.8553
35.7573
34.8072
33.9511
33.3069
32.8293
32.3864
31.993
30.3476
30.2675
30.868
50.5506
55.889
57.9985
31.0344
25.8631
22.5576
17.8369
16.7647
15.0585
13.7256
12.4865
11.2919
10.2376
9.3221
8.60279
8.17006
7.34075
5.1289
4.73307
5.19069
5.66218
6.16416
5.54771
5.09254
5.22029
4.86737
4.914
41.5285
3.72516
4.17436
3.9451
4.57782
27.2659
27.7027
28.2356
28.7947
29.3013
28.8694
2.86159
2.84126
0.203908
0.829889
0.698911
1.00342
1.58662
2.04369
2.47761
27.0949
24.2296
25.1595
25.2271
26.1685
26.0438
26.2815
26.5922
26.5236
26.9052
26.873
15.0585
13.7256
12.4865
11.2919
10.2376
9.3221
8.60279
8.17006
7.34075
5.1289
4.73307
5.19069
5.66218
6.16416
5.54771
5.09254
5.22029
4.86737
4.914
3.72516
4.17436
3.9451
4.57782
16.7647
17.8369
22.5576
31.0344
25.8631
57.9985
55.889
50.5506
46.4466
43.5473
41.5285
41.3536
39.5196
38.9878
38.6295
36.8553
35.7573
34.8072
33.9511
33.3069
32.8293
32.3864
31.993
30.3476
30.2675
30.868
27.2659
27.7027
28.2356
28.7947
29.3013
28.8694
2.86159
2.84126
0.446585
0.577687
1.01592
1.50744
1.95599
2.38807
27.287
24.4758
24.3841
26.0006
26.1373
26.4602
26.682
26.9811
26.9393
27.2822
27.2586
52.2351
47.9705
44.5541
42.3618
41.7628
39.7096
38.5235
37.1858
36.029
35.0321
34.2746
33.6134
33.4656
32.2237
29.7717
30.9841
31.3538
32.2038
32.2409
32.529
62.1911
64.5664
66.2572
25.3494
23.6246
18.0184
17.4517
13.8062
14.9783
14.0451
13.1784
12.2045
11.2291
9.83264
8.90438
8.36527
7.63998
7.20371
5.67188
4.75216
5.15927
4.64655
4.91197
4.86487
4.71663
5.58662
5.47484
5.26061
5.26088
4.63919
4.40037
4.33656
17.2735
3.28602
3.61878
3.95664
27.6461
28.0775
28.5539
29.3847
28.8593
2.70252
0.446585
0.577687
1.01592
1.50744
1.95599
2.38807
27.287
24.4758
24.3841
26.0006
26.1373
26.4602
26.682
26.9811
26.9393
27.2822
27.2586
14.0451
13.1784
12.2045
11.2291
9.83264
8.90438
8.36527
7.63998
7.20371
5.67188
4.75216
5.15927
4.64655
4.91197
4.86487
4.71663
5.58662
5.47484
5.26061
5.26088
4.63919
4.40037
4.33656
3.28602
3.61878
3.95664
14.9783
13.8062
17.4517
18.0184
25.3494
23.6246
66.2572
64.5664
62.1911
52.2351
47.9705
44.5541
17.2735
42.3618
41.7628
39.7096
38.5235
37.1858
36.029
35.0321
34.2746
33.6134
33.4656
32.2237
29.7717
30.9841
31.3538
32.2038
32.2409
32.529
27.6461
28.0775
28.5539
29.3847
28.8593
2.70252
0.205742
0.476464
0.997144
1.39797
1.8591
2.28434
27.5988
27.7926
24.6461
26.463
26.4418
26.7755
27.0342
27.3534
27.3133
27.6577
27.6396
60.2181
52.0208
48.4593
44.199
43.9235
41.7151
39.9298
38.5239
37.2642
36.1521
35.2877
34.5085
33.6719
33.4669
29.8651
30.3164
30.7644
31.2668
31.8303
31.8766
32.2654
33.7444
66.2396
86.6046
10.2744
8.53808
9.76305
14.1157
10.0478
12.1141
12.6
12.2156
11.5678
10.9134
10.6808
8.65425
8.34537
7.36576
6.3403
6.5423
5.53713
3.86645
4.20767
4.25906
4.80589
4.03775
4.77894
3.69232
5.28328
4.98916
4.88789
4.72665
4.39614
4.08751
3.81791
3.76132
2.59288
3.13399
3.4369
28.0257
28.4504
29.1565
28.7791
0.205742
0.476464
0.997144
1.39797
1.8591
2.28434
27.5988
27.7926
24.6461
26.463
26.4418
26.7755
27.0342
27.3534
27.3133
27.6577
27.6396
12.6
12.2156
11.5678
10.9134
10.6808
8.65425
8.34537
7.36576
6.3403
6.5423
5.53713
3.86645
4.20767
4.25906
4.80589
4.03775
4.77894
3.69232
5.28328
4.98916
4.88789
4.72665
4.39614
4.08751
3.81791
3.76132
2.59288
3.13399
3.4369
12.1141
14.1157
10.0478
9.76305
10.2744
8.53808
86.6046
66.2396
60.2181
52.0208
48.4593
44.199
43.9235
41.7151
39.9298
38.5239
37.2642
36.1521
35.2877
34.5085
33.6719
33.4669
29.8651
30.3164
30.7644
31.2668
31.8303
31.8766
32.2654
33.7444
28.0257
28.4504
29.1565
28.7791
0.0683934
0.442152
0.988348
1.15371
1.74636
2.35735
28.5378
24.4302
24.9245
27.071
26.7915
27.1592
27.375
27.7479
27.7029
28.0269
28.0161
58.1026
62.1924
55.9638
50.8217
47.9517
46.3805
43.5731
41.4758
39.8249
38.475
37.274
36.2426
35.4737
34.8133
33.7882
33.9043
29.2405
31.0344
29.6789
31.3485
31.4745
31.7988
32.2045
32.7374
33.6984
33.9738
33.9176
78.2418
1.68534
-1.47199
-4.13341
6.44706
5.63437
8.74228
10.4671
10.9121
10.6559
10.0453
8.92057
9.01879
7.53978
7.57102
7.04992
6.61786
6.7477
4.91919
4.43456
3.75253
3.60585
3.72229
3.14348
3.63779
3.57086
4.30728
4.07446
4.35056
4.35086
4.21838
4.09553
3.79618
3.54097
3.37106
3.19879
2.80434
2.86453
28.4052
29.1286
28.7369
0.0683934
0.442152
0.988348
1.15371
1.74636
2.35735
28.5378
24.4302
24.9245
27.071
26.7915
27.1592
27.375
27.7479
27.7029
28.0269
28.0161
10.4671
10.9121
10.6559
10.0453
8.92057
9.01879
7.53978
7.57102
7.04992
6.61786
6.7477
4.91919
4.43456
3.75253
3.60585
3.72229
3.14348
3.63779
3.57086
4.30728
4.07446
4.35056
4.35086
4.21838
4.09553
3.79618
3.54097
3.37106
3.19879
2.80434
2.86453
8.74228
6.44706
5.63437
-4.13341
1.68534
-1.47199
78.2418
62.1924
58.1026
55.9638
50.8217
47.9517
46.3805
43.5731
41.4758
39.8249
38.475
37.274
36.2426
35.4737
34.8133
33.7882
33.9043
29.2405
31.0344
29.6789
31.3485
31.4745
31.7988
32.2045
32.7374
33.6984
33.9738
33.9176
28.4052
29.1286
28.7369
-0.0436277
0.377072
1.0742
1.28228
1.22775
1.89752
28.7366
28.4485
25.2349
27.1147
27.3511
27.2075
27.6628
28.1494
28.0587
28.3443
28.376
71.2203
64.8213
54.5858
54.0934
50.4176
47.7581
46.7359
45.0483
42.92
41.1601
39.6616
38.3604
37.2208
36.1711
35.6871
35.0581
34.7954
29.7361
30.1827
30.3561
30.1885
30.8799
31.4164
31.9754
32.4537
32.5662
32.983
32.7231
34.2887
34.061
-0.658288
0.618866
2.53777
5.49612
8.23944
9.25825
9.56818
9.32644
8.86976
8.9357
7.38061
7.00514
6.58463
6.1331
5.6038
4.90885
4.63806
3.27286
3.33714
3.49991
3.26895
4.40635
3.06665
2.95748
3.05692
4.1676
3.81558
3.83513
3.72652
3.68799
3.63232
2.99492
2.98153
3.13818
2.69361
2.08776
29.0832
28.6639
-0.0436277
0.377072
1.0742
1.28228
1.22775
1.89752
28.7366
28.4485
25.2349
27.1147
27.3511
27.2075
27.6628
28.1494
28.0587
28.3443
28.376
8.23944
9.25825
9.56818
9.32644
8.86976
8.9357
7.38061
7.00514
6.58463
6.1331
5.6038
4.90885
4.63806
3.27286
3.33714
3.49991
3.26895
4.40635
3.06665
2.95748
3.05692
4.1676
3.81558
3.83513
3.72652
3.68799
3.63232
2.99492
2.98153
3.13818
2.69361
2.08776
5.49612
0.618866
2.53777
-0.658288
71.2203
64.8213
54.5858
54.0934
50.4176
47.7581
46.7359
45.0483
42.92
41.1601
39.6616
38.3604
37.2208
36.1711
35.6871
35.0581
34.7954
29.7361
30.1827
30.3561
30.1885
30.8799
31.4164
31.9754
32.4537
32.5662
32.983
32.7231
34.2887
34.061
29.0832
28.6639
-0.433719
-0.529813
0.749035
1.32245
1.46874
1.92182
1.63303
29.2968
25.0946
25.6904
27.1282
27.9199
27.4843
27.8416
28.6798
28.4038
28.6176
60.6812
51.9776
51.7598
48.9305
47.4399
45.7393
44.014
42.2568
40.844
39.3844
38.2036
37.1474
35.8656
36.5538
34.9164
29.37
29.5309
29.5328
30.6537
31.0831
31.0948
31.3006
31.3472
31.7991
32.1988
32.8458
33.3257
34.1816
35.0336
33.7522
35.1057
0.657412
1.53484
3.27052
5.27625
7.37522
8.41169
8.4074
8.16811
7.92075
6.75329
6.42042
6.14426
5.81206
5.14884
4.59656
4.74702
2.77971
2.45643
2.63286
2.52151
3.33742
2.61817
3.10943
3.3454
2.36927
4.02755
3.51739
3.40435
3.30382
3.19886
3.00435
3.04009
3.20472
2.65298
2.25344
2.40657
28.9488
-0.433719
-0.529813
0.749035
1.32245
1.46874
1.92182
1.63303
29.2968
25.0946
25.6904
27.1282
27.9199
27.4843
27.8416
28.6798
28.4038
28.6176
5.27625
7.37522
8.41169
8.4074
8.16811
7.92075
6.75329
6.42042
6.14426
5.81206
5.14884
4.59656
4.74702
2.77971
2.45643
2.63286
2.52151
3.33742
2.61817
3.10943
3.3454
2.36927
4.02755
3.51739
3.40435
3.30382
3.19886
3.00435
3.04009
3.20472
2.65298
2.25344
2.40657
3.27052
0.657412
1.53484
60.6812
51.9776
51.7598
48.9305
47.4399
45.7393
44.014
42.2568
40.844
39.3844
38.2036
37.1474
35.8656
36.5538
34.9164
29.37
29.5309
29.5328
30.6537
31.0831
31.0948
31.3006
31.3472
31.7991
32.1988
32.8458
33.3257
34.1816
35.0336
33.7522
35.1057
28.9488
0.0761633
0.200489
1.33883
0.571422
0.747763
1.30859
1.38159
1.70331
29.6321
29.4294
26.3387
27.4718
27.3181
28.2631
27.9822
27.8502
28.9809
28.4519
28.9012
57.83
49.6481
47.6994
46.0611
46.1183
44.6935
43.1765
41.6218
40.7119
38.8028
38.2078
37.4666
36.695
35.7142
29.2607
29.6499
29.7418
30.289
30.7376
30.7686
31.3104
31.6255
31.9375
32.5299
32.9783
32.5155
33.0717
33.3829
33.8269
34.1899
36.6751
35.4313
34.6548
34.1262
2.61492
5.34928
6.63273
8.28008
7.57655
7.38168
7.13872
6.01617
5.82046
5.59761
5.44206
5.71403
3.3487
3.49243
4.27249
3.21589
2.19316
2.17485
2.47331
2.23119
2.77008
3.35536
1.8265
2.3971
3.0085
2.76938
1.89625
2.98892
3.2098
3.07891
2.96646
2.88155
2.65011
2.07135
3.20922
2.61323
2.76395
1.87914
2.05431
1.85616
0.0761633
0.200489
1.33883
0.571422
0.747763
1.30859
1.38159
1.70331
29.6321
29.4294
26.3387
27.4718
27.3181
28.2631
27.9822
27.8502
28.9809
28.4519
28.9012
5.34928
6.63273
8.28008
7.57655
7.38168
7.13872
6.01617
5.82046
5.59761
5.44206
5.71403
3.3487
3.49243
4.27249
3.21589
2.19316
2.17485
2.47331
2.23119
2.77008
3.35536
1.8265
2.3971
3.0085
2.76938
1.89625
2.98892
3.2098
3.07891
2.96646
2.88155
2.65011
2.07135
3.20922
2.61323
2.76395
1.87914
2.05431
1.85616
2.61492
57.83
49.6481
47.6994
46.0611
46.1183
44.6935
43.1765
41.6218
40.7119
38.8028
38.2078
37.4666
36.695
35.7142
29.2607
29.6499
29.7418
30.289
30.7376
30.7686
31.3104
31.6255
31.9375
32.5299
32.9783
32.5155
33.0717
33.3829
33.8269
34.1899
36.6751
35.4313
34.6548
34.1262
0.158801
0.780325
0.619224
0.72024
0.793066
1.16599
1.36533
1.57435
29.6281
26.5407
26.553
27.6989
28.3078
28.5878
28.3724
28.388
29.313
28.6844
29.1594
55.6115
53.4756
51.5674
44.5739
45.1416
43.9072
42.4675
40.9968
39.8171
38.4323
38.1531
36.3472
35.9935
29.5165
29.7319
30.0629
30.524
30.9555
30.7805
31.3978
31.6704
31.9113
32.1866
32.0049
32.9895
32.3431
33.289
33.6516
33.9463
34.2434
36.3095
35.9373
34.5157
34.6839
1.80055
4.42189
5.59984
8.74547
7.21738
6.47104
6.50649
4.87206
5.10127
4.92871
4.57274
4.02701
2.2809
3.14879
2.65975
4.3475
3.03426
1.98061
2.38308
1.8334
2.11421
2.16913
2.39802
2.01321
1.39343
2.75012
2.51857
2.361
1.69412
2.65237
3.04462
2.68535
2.64752
2.62468
2.58521
2.5791
2.87308
2.14427
1.85108
2.21098
1.70766
1.75046
1.48086
0.158801
0.780325
0.619224
0.72024
0.793066
1.16599
1.36533
1.57435
29.6281
26.5407
26.553
27.6989
28.3078
28.5878
28.3724
28.388
29.313
28.6844
29.1594
1.80055
4.42189
5.59984
8.74547
7.21738
6.47104
6.50649
4.87206
5.10127
4.92871
4.57274
4.02701
2.2809
3.14879
2.65975
4.3475
3.03426
1.98061
2.38308
1.8334
2.11421
2.16913
2.39802
2.01321
1.39343
2.75012
2.51857
2.361
1.69412
2.65237
3.04462
2.68535
2.64752
2.62468
2.58521
2.5791
2.87308
2.14427
1.85108
2.21098
1.70766
1.75046
1.48086
55.6115
53.4756
51.5674
44.5739
45.1416
43.9072
42.4675
40.9968
39.8171
38.4323
38.1531
36.3472
35.9935
29.5165
29.7319
30.0629
30.524
30.9555
30.7805
31.3978
31.6704
31.9113
32.1866
32.0049
32.9895
32.3431
33.289
33.6516
33.9463
34.2434
36.3095
35.9373
34.5157
34.6839
0.420327
0.519771
0.416147
0.787532
1.13014
1.76836
29.9637
30.143
26.8039
27.9494
28.438
28.8249
28.6961
28.8338
29.2694
29.211
29.4438
49.965
43.3314
44.3531
42.6643
41.9734
39.4007
40.711
39.7108
38.084
37.3986
36.6864
29.642
30.0568
30.2813
30.6062
31.1008
30.9108
31.4045
31.6702
31.8328
32.0365
32.1581
32.4017
32.6843
33.3405
33.753
33.7412
34.071
34.5336
35.9872
35.8256
36.1658
35.4698
35.0058
2.27861
2.35092
13.1821
8.88886
5.31621
5.64778
3.69933
4.90903
4.06485
3.71981
3.91631
1.88837
2.7778
2.10027
2.78031
3.39706
2.56792
1.73344
1.57004
1.2545
1.64878
1.83046
2.42479
1.27872
2.17646
1.64036
1.94173
2.05024
1.87273
1.52647
2.06441
1.84401
1.38438
2.20924
2.27703
2.28024
2.25354
2.25509
2.0246
1.86117
1.79796
1.95385
1.40347
1.43552
0.815608
0.420327
0.519771
0.416147
0.787532
1.13014
1.76836
29.9637
30.143
26.8039
27.9494
28.438
28.8249
28.6961
28.8338
29.2694
29.211
29.4438
2.27861
2.35092
13.1821
8.88886
5.31621
5.64778
3.69933
4.90903
4.06485
3.71981
3.91631
1.88837
2.7778
2.10027
2.78031
3.39706
2.56792
1.73344
1.57004
1.2545
1.64878
1.83046
2.42479
1.27872
2.17646
1.64036
1.94173
2.05024
1.87273
1.52647
2.06441
1.84401
1.38438
2.20924
2.27703
2.28024
2.25354
2.25509
2.0246
1.86117
1.79796
1.95385
1.40347
1.43552
0.815608
49.965
43.3314
44.3531
42.6643
41.9734
39.4007
40.711
39.7108
38.084
37.3986
36.6864
29.642
30.0568
30.2813
30.6062
31.1008
30.9108
31.4045
31.6702
31.8328
32.0365
32.1581
32.4017
32.6843
33.3405
33.753
33.7412
34.071
34.5336
35.9872
35.8256
36.1658
35.4698
35.0058
0.234035
0.154106
0.377087
0.73792
1.0216
30.3587
26.9877
28.1392
28.6055
28.7245
29.0703
29.1192
29.3644
29.4259
48.7564
42.3104
43.4285
42.5055
41.1737
40.4934
39.7004
39.731
38.9568
37.4486
38.7046
29.5684
29.7746
30.6157
29.8429
31.3086
31.096
30.6163
31.6892
31.5296
31.8441
32.0251
32.1963
32.404
32.5871
32.5095
32.9174
33.2781
33.8282
34.2896
34.7023
37.5811
36.3755
36.2635
35.4099
35.8524
34.976
4.48841
4.5755
0.491442
5.10055
6.31052
1.89646
3.66811
4.1666
3.17724
3.49386
1.57065
2.29471
2.79031
1.25387
1.81068
2.48249
1.91004
1.35634
1.25154
1.39516
1.24707
1.59107
1.97604
1.85861
1.99314
0.874252
1.02213
1.50546
1.62297
1.2414
1.63793
1.77452
1.43493
1.5802
1.86429
1.90216
1.8861
1.82661
1.71412
1.58416
1.44436
1.27583
1.42244
0.861597
1.02949
1.00797
0.234035
0.154106
0.377087
0.73792
1.0216
30.3587
26.9877
28.1392
28.6055
28.7245
29.0703
29.1192
29.3644
29.4259
4.48841
4.5755
0.491442
5.10055
6.31052
1.89646
3.66811
4.1666
3.17724
3.49386
1.57065
2.29471
2.79031
1.25387
1.81068
2.48249
1.91004
1.35634
1.25154
1.39516
1.24707
1.59107
1.97604
1.85861
1.99314
0.874252
1.02213
1.50546
1.62297
1.2414
1.63793
1.77452
1.43493
1.5802
1.86429
1.90216
1.8861
1.82661
1.71412
1.58416
1.44436
1.27583
1.42244
0.861597
1.02949
1.00797
48.7564
42.3104
43.4285
42.5055
41.1737
40.4934
39.7004
39.731
38.9568
37.4486
38.7046
29.5684
29.7746
30.6157
29.8429
31.3086
31.096
30.6163
31.6892
31.5296
31.8441
32.0251
32.1963
32.404
32.5871
32.5095
32.9174
33.2781
33.8282
34.2896
34.7023
37.5811
36.3755
36.2635
35.4099
35.8524
34.976
0.150161
0.35814
0.74602
30.6568
27.2112
28.3074
28.4179
28.9467
29.4926
29.0488
29.5368
48.6126
40.5285
40.125
42.8893
40.8499
40.5501
40.9685
39.9056
39.8322
39.4636
39.0779
38.1154
37.1893
29.6756
29.6423
31.2116
30.5604
30.0551
31.4338
31.4344
31.7139
31.8601
31.5913
32.0287
32.2544
32.4595
32.7478
33.0684
33.4437
34.0588
33.4862
34.0362
34.1929
34.5983
34.8494
37.7178
36.4556
36.9598
36.206
35.6309
35.9053
34.327
1.92677
0.72549
-7.01486
5.34565
6.2534
-0.389263
2.07319
2.87263
2.67739
1.31289
2.01658
1.51173
1.66415
2.72693
0.799181
2.25923
1.31968
2.03991
1.13778
1.06362
0.912771
1.0213
0.774581
0.699541
1.57596
1.08454
1.64592
1.3497
1.01816
0.970288
1.66817
1.55349
1.13924
1.31504
1.44418
1.50799
1.12983
1.55673
1.5395
1.56799
1.47238
1.34813
1.31142
1.24972
1.08249
0.602015
1.70989
1.0694
0.910723
0.723353
0.713582
0.150161
0.35814
0.74602
30.6568
27.2112
28.3074
28.4179
28.9467
29.4926
29.0488
29.5368
1.92677
0.72549
-7.01486
5.34565
6.2534
-0.389263
2.07319
2.87263
2.67739
1.31289
2.01658
1.51173
1.66415
2.72693
0.799181
2.25923
1.31968
2.03991
1.13778
1.06362
0.912771
1.0213
0.774581
0.699541
1.57596
1.08454
1.64592
1.3497
1.01816
0.970288
1.66817
1.55349
1.13924
1.31504
1.44418
1.50799
1.12983
1.55673
1.5395
1.56799
1.47238
1.34813
1.31142
1.24972
1.08249
0.602015
1.70989
1.0694
0.910723
0.723353
0.713582
48.6126
40.5285
40.125
42.8893
40.8499
40.5501
40.9685
39.9056
39.8322
39.4636
39.0779
38.1154
37.1893
29.6756
29.6423
31.2116
30.5604
30.0551
31.4338
31.4344
31.7139
31.8601
31.5913
32.0287
32.2544
32.4595
32.7478
33.0684
33.4437
34.0588
33.4862
34.0362
34.1929
34.5983
34.8494
37.7178
36.4556
36.9598
36.206
35.6309
35.9053
34.327
0.0818023
0.292799
30.8885
27.3864
27.5303
28.521
29.1721
29.3196
29.2315
29.6916
47.3835
46.2342
39.3165
38.9885
38.233
37.127
39.7163
39.4387
40.4913
40.0171
39.4193
38.9198
38.0858
30.1123
30.4148
30.1037
29.963
31.272
30.9097
31.4574
30.9849
31.8165
31.6457
32.0058
31.4913
32.2246
32.4545
32.6489
32.9388
33.1438
32.8775
33.8682
33.133
34.3419
34.6653
34.8135
35.5467
37.5696
37.4866
36.5257
36.3606
35.8492
35.2602
35.5792
35.5282
-0.938715
4.3006
2.67584
6.79193
-7.81631
3.82034
2.04167
1.79469
1.98881
1.34242
1.0692
1.32138
1.22094
1.90374
2.24129
0.345968
0.246076
1.05687
0.30781
0.503273
0.80716
0.761195
0.818257
1.3705
1.07322
0.95424
1.19787
0.694853
1.31914
1.10522
1.04634
1.0493
1.37096
1.31629
0.439313
1.28337
1.49497
1.12075
1.16247
1.08398
0.758767
1.23043
1.36166
0.895549
0.929797
1.09547
1.22144
1.19767
1.28499
0.556457
0.335277
0.202928
-0.738007
0.252065
0.0818023
0.292799
30.8885
27.3864
27.5303
28.521
29.1721
29.3196
29.2315
29.6916
-0.938715
4.3006
2.67584
6.79193
-7.81631
3.82034
2.04167
1.79469
1.98881
1.34242
1.0692
1.32138
1.22094
1.90374
2.24129
0.345968
0.246076
1.05687
0.30781
0.503273
0.80716
0.761195
0.818257
1.3705
1.07322
0.95424
1.19787
0.694853
1.31914
1.10522
1.04634
1.0493
1.37096
1.31629
0.439313
1.28337
1.49497
1.12075
1.16247
1.08398
0.758767
1.23043
1.36166
0.895549
0.929797
1.09547
1.22144
1.19767
1.28499
0.556457
0.335277
0.202928
-0.738007
0.252065
47.3835
46.2342
39.3165
38.9885
38.233
37.127
39.7163
39.4387
40.4913
40.0171
39.4193
38.9198
38.0858
30.1123
30.4148
30.1037
29.963
31.272
30.9097
31.4574
30.9849
31.8165
31.6457
32.0058
31.4913
32.2246
32.4545
32.6489
32.9388
33.1438
32.8775
33.8682
33.133
34.3419
34.6653
34.8135
35.5467
37.5696
37.4866
36.5257
36.3606
35.8492
35.2602
35.5792
35.5282
0.0103465
31.1461
31.3836
27.7056
28.6312
29.3664
29.5422
29.9063
29.6806
29.853
45.3362
43.4235
42.076
41.7247
35.9009
35.5674
34.5473
40.2443
41.4705
40.1515
39.1365
38.6505
30.07
29.8118
30.8337
30.856
31.0816
30.7716
31.3217
31.1835
31.778
31.9576
31.6059
32.1382
31.4646
32.3329
32.548
32.7571
32.9716
33.0634
33.235
33.4623
33.372
33.7524
33.958
34.1915
34.682
38.2542
37.586
38.3163
37.6201
35.7412
35.9741
35.9739
36.623
36.1166
2.00423
1.0131
-0.374295
-1.37213
-1.58553
-4.81412
1.86469
-1.19952
0.667856
-0.266137
0.755152
0.643358
1.07581
0.756923
-0.221245
0.610007
-1.12451
0.640997
-0.33333
-0.0588469
-0.713331
0.23198
0.395933
0.615234
0.450083
0.668559
0.219877
1.22028
0.917128
1.68647
1.21421
1.37496
0.801863
0.8176
0.880896
0.879871
0.489072
0.719481
1.24783
0.129178
1.22392
0.624393
1.49668
0.639914
0.636563
0.0560476
0.675606
0.442275
0.624569
1.03556
0.859857
0.873045
1.05155
1.16155
0.737836
0.613253
0.339537
0.418644
-0.166256
-0.56623
0.0291545
0.0103465
31.1461
31.3836
27.7056
28.6312
29.3664
29.5422
29.9063
29.6806
29.853
2.00423
1.0131
-0.374295
-1.37213
-1.58553
-4.81412
1.86469
-1.19952
0.667856
-0.266137
0.755152
0.643358
1.07581
0.756923
-0.221245
0.610007
-1.12451
0.640997
-0.33333
-0.0588469
-0.713331
0.23198
0.395933
0.615234
0.450083
0.668559
0.219877
1.22028
0.917128
1.68647
1.21421
1.37496
0.801863
0.8176
0.880896
0.879871
0.489072
0.719481
1.24783
0.129178
1.22392
0.624393
1.49668
0.639914
0.636563
0.0560476
0.675606
0.442275
0.624569
1.03556
0.859857
0.873045
1.05155
1.16155
0.737836
0.613253
0.339537
0.418644
-0.166256
-0.56623
0.0291545
45.3362
43.4235
42.076
41.7247
35.9009
35.5674
34.5473
40.2443
41.4705
40.1515
39.1365
38.6505
30.07
29.8118
30.8337
30.856
31.0816
30.7716
31.3217
31.1835
31.778
31.9576
31.6059
32.1382
31.4646
32.3329
32.548
32.7571
32.9716
33.0634
33.235
33.4623
33.372
33.7524
33.958
34.1915
34.682
38.2542
37.586
38.3163
37.6201
35.7412
35.9741
35.9739
36.623
36.1166
31.5559
28.0531
29.2509
28.9201
29.2788
29.6706
29.8592
29.8803
30.0309
40.3077
36.9719
32.5376
32.9048
44.4969
41.988
39.839
39.2074
30.0654
30.3023
30.8306
30.6651
31.0175
31.0741
31.398
31.2589
31.7383
31.8865
32.0739
31.5101
32.2438
31.3718
32.4093
32.6214
32.8231
33.3754
33.6413
33.4786
34.3066
33.7467
34.4603
34.9489
34.4971
34.6853
35.4486
34.172
38.3702
37.7986
37.6684
36.3014
36.3218
36.35
35.0963
35.8819
-0.742981
-1.54481
-9.70935
-2.24054
0.535622
-0.0115159
0.493258
0.332521
0.408137
0.18068
0.211229
0.553396
-0.469685
-0.874028
1.51202
-1.1218
-1.10115
-2.50391
0.372839
0.18584
0.447899
0.613028
0.74074
0.585655
0.540909
0.346516
0.474799
0.50108
0.372948
0.972936
0.855949
0.825389
0.623797
-0.0222107
1.1201
0.482483
0.0798549
0.740403
-0.0774936
0.368844
0.758629
-0.160973
0.542966
0.272432
0.621824
0.901669
0.531179
-0.255032
0.840262
-0.220449
0.996597
0.647732
0.344488
0.525894
0.858905
0.668901
0.62905
0.563998
31.5559
28.0531
29.2509
28.9201
29.2788
29.6706
29.8592
29.8803
30.0309
-0.742981
-1.54481
-9.70935
-2.24054
0.535622
-0.0115159
0.493258
0.332521
0.408137
0.18068
0.211229
0.553396
-0.469685
-0.874028
1.51202
-1.1218
-1.10115
-2.50391
0.372839
0.18584
0.447899
0.613028
0.74074
0.585655
0.540909
0.346516
0.474799
0.50108
0.372948
0.972936
0.855949
0.825389
0.623797
-0.0222107
1.1201
0.482483
0.0798549
0.740403
-0.0774936
0.368844
0.758629
-0.160973
0.542966
0.272432
0.621824
0.901669
0.531179
-0.255032
-0.220449
0.840262
0.996597
0.647732
0.344488
0.525894
0.858905
0.668901
0.62905
0.563998
40.3077
36.9719
32.5376
32.9048
44.4969
41.988
39.839
39.2074
30.0654
30.3023
30.8306
30.6651
31.0175
31.0741
31.398
31.2589
31.7383
31.8865
32.0739
31.5101
32.2438
31.3718
32.4093
32.6214
32.8231
33.3754
33.6413
33.4786
34.3066
33.7467
34.4603
34.9489
34.4971
34.6853
35.4486
34.172
38.3702
37.7986
37.6684
36.3014
36.3218
36.35
35.0963
35.8819
31.591
28.1848
28.0113
28.0648
29.71
29.4715
29.9194
30.0492
23.2118
22.327
44.3618
40.8948
39.2368
30.2391
30.0981
30.3556
30.8717
30.8183
31.1795
31.0215
31.5877
31.3803
31.6568
31.8698
32.0372
32.2199
31.3828
32.38
31.0531
32.5214
32.598
32.5633
32.8647
33.1074
33.4719
33.3903
33.7401
33.61
34.3174
34.8491
35.299
35.1038
35.3451
34.8729
35.7193
38.077
37.6721
37.4703
36.9201
36.3802
36.6032
36.3125
35.8639
36.0974
-0.589609
-0.216829
1.55651
3.34388
0.551958
0.640253
0.158491
0.436298
-0.0160795
0.672593
1.07686
-0.607141
0.0515355
-1.32398
-1.19005
-2.51611
-6.50694
-5.38315
0.251745
-0.0993011
0.0577872
-0.872012
0.289583
0.12892
0.461982
0.415328
0.523517
0.798867
0.634351
0.391009
0.823822
0.722981
0.721375
0.306697
0.813246
0.154718
-0.0667868
-0.38354
-0.274579
0.648375
0.0911593
0.608529
0.0513163
0.553648
0.532207
0.382743
0.434646
0.508201
0.637109
0.495702
-0.0646915
-0.499158
0.350764
0.0622764
-0.18565
0.636439
0.136019
0.505852
0.410812
0.391429
0.382132
31.591
28.1848
28.0113
28.0648
29.71
29.4715
29.9194
30.0492
-0.589609
-0.216829
1.55651
3.34388
0.551958
0.640253
0.158491
0.436298
-0.0160795
0.672593
1.07686
-0.607141
0.0515355
-1.32398
-1.19005
-2.51611
-6.50694
-5.38315
0.251745
-0.0993011
0.0577872
-0.872012
0.289583
0.12892
0.461982
0.415328
0.523517
0.798867
0.634351
0.391009
0.823822
0.722981
0.721375
0.306697
0.813246
0.154718
-0.0667868
-0.38354
-0.274579
0.648375
0.0911593
0.608529
0.0513163
0.553648
0.532207
0.382743
0.434646
0.508201
0.637109
-0.499158
0.495702
-0.0646915
0.350764
0.0622764
-0.18565
0.636439
0.136019
0.505852
0.410812
0.391429
0.382132
23.2118
22.327
44.3618
40.8948
39.2368
30.2391
30.0981
30.3556
30.8717
30.8183
31.1795
31.0215
31.5877
31.3803
31.6568
31.8698
32.0372
32.2199
31.3828
32.38
31.0531
32.5214
32.598
32.5633
32.8647
33.1074
33.4719
33.3903
33.7401
33.61
34.3174
34.8491
35.299
35.1038
35.3451
34.8729
35.7193
38.077
37.6721
37.4703
36.9201
36.3802
36.6032
36.3125
35.8639
36.0974
31.7766
31.7958
31.8751
28.1037
29.8416
29.5223
29.9687
53.1296
23.0127
32.4663
39.2472
37.7063
30.1502
30.6779
29.6545
30.8577
30.902
30.7426
31.3124
31.155
30.871
30.4332
33.2222
33.0667
33.3712
33.5282
33.6589
32.9632
33.8712
32.8099
34.0839
34.3116
34.5288
34.9133
35.4003
35.0449
35.2275
35.7871
35.4508
36.1518
36.549
36.3434
36.5241
36.3194
36.4418
36.9676
35.4372
35.8491
37.2305
36.9466
37.2562
36.926
36.2331
36.7876
36.6148
36.2172
35.9075
35.8776
0.500789
8.72847
-1.0258
0.66744
0.882577
0.313473
0.0729854
-0.146074
0.113989
-0.499576
-0.190185
0.3522
-0.715787
-1.35276
-1.44351
-2.14473
-3.48377
-11.5234
-4.61876
-0.598523
0.0288404
0.217569
1.19692
-0.0253498
0.239545
0.301644
0.525109
0.412994
0.438027
0.393295
0.337235
0.17298
0.0714661
0.294308
0.621603
0.174345
-0.0867978
-0.0560791
0.827203
-0.219422
-0.428372
0.0515883
-1.09672
0.358211
-0.0943052
0.405047
0.555486
0.317084
0.574482
0.789857
0.418713
-0.0619503
-1.08909
0.822911
0.0698165
0.177999
1.03276
0.105854
-0.829499
0.354635
0.406057
0.143688
0.331157
31.7766
31.7958
31.8751
28.1037
29.8416
29.5223
29.9687
0.500789
8.72847
-1.0258
0.66744
0.882577
0.313473
0.0729854
-0.146074
0.113989
-0.499576
-0.190185
0.3522
-0.715787
-1.35276
-1.44351
-2.14473
-3.48377
-11.5234
-4.61876
-0.598523
0.0288404
0.217569
1.19692
-0.0253498
0.239545
0.301644
0.525109
0.412994
0.438027
0.393295
0.337235
0.17298
0.0714661
0.294308
0.621603
0.174345
-0.0867978
-0.0560791
0.827203
-0.219422
-0.428372
0.0515883
-1.09672
0.358211
-0.0943052
0.405047
0.555486
0.317084
0.574482
0.789857
0.418713
0.822911
-0.0619503
-1.08909
0.0698165
0.177999
1.03276
0.105854
-0.829499
0.354635
0.406057
0.143688
0.331157
53.1296
23.0127
32.4663
39.2472
37.7063
30.1502
30.6779
29.6545
30.8577
30.902
30.7426
31.3124
31.155
30.871
30.4332
33.2222
33.0667
33.3712
33.5282
33.6589
32.9632
33.8712
32.8099
34.0839
34.3116
34.5288
34.9133
35.4003
35.0449
35.2275
35.7871
35.4508
36.1518
36.549
36.3434
36.5241
36.3194
36.4418
36.9676
35.4372
35.8491
37.2305
36.9466
37.2562
36.926
36.2331
36.7876
36.6148
36.2172
35.9075
35.8776
32.5911
27.724
28.3728
29.9822
29.8734
31.6209
33.4564
33.9678
29.8943
30.2559
30.7749
29.9733
30.2754
30.7656
30.6252
30.5637
30.5069
32.9028
33.4645
32.7273
29.6086
29.4807
29.3239
29.6945
29.7567
29.9
29.1785
30.1112
28.4775
30.279
30.4095
29.9632
30.8389
29.9935
31.2398
31.3743
31.1139
31.5557
32.0142
31.2784
32.2221
32.3037
32.54
32.6065
32.7312
37.0583
37.2285
34.1685
36.7968
36.6668
36.9505
36.5439
36.4328
37.5473
36.2469
36.6632
35.6701
37.3087
37.472
1.67609
-2.49163
-0.284298
0.638881
-0.428561
0.409969
-0.00334038
0.351414
-0.572683
0.0124126
-0.558767
-0.281217
-0.110721
-0.242353
-0.453128
-0.605076
-1.88326
-1.29887
-0.745094
-2.57683
-3.03394
-1.72645
-1.25692
0.0893331
0.660491
0.155049
-0.0107305
0.424581
0.084797
-0.116523
0.348569
0.40643
0.433396
0.395281
-0.179509
-0.314087
0.124402
0.54964
0.401043
-0.160531
-0.351199
-0.347725
32.5911
27.724
28.3728
29.9822
29.8734
1.67609
-2.49163
-0.284298
0.638881
-0.428561
0.409969
-0.00334038
0.351414
-0.572683
0.0124126
-0.558767
-0.281217
-0.110721
-0.242353
-0.453128
-0.605076
-1.88326
-1.29887
-0.745094
-2.57683
-3.03394
-1.72645
-1.25692
0.0893331
0.660491
0.155049
-0.0107305
0.424581
0.084797
-0.116523
0.348569
0.40643
0.433396
0.395281
-0.179509
-0.314087
0.124402
0.54964
0.401043
-0.160531
-0.351199
-0.347725
31.6209
33.4564
33.9678
29.8943
30.2559
30.7749
29.9733
30.2754
30.7656
30.6252
30.5637
30.5069
32.9028
33.4645
32.7273
29.6086
29.4807
29.3239
29.6945
29.7567
29.9
29.1785
30.1112
28.4775
30.279
30.4095
29.9632
30.8389
29.9935
31.2398
31.3743
31.1139
31.5557
32.0142
31.2784
32.2221
32.3037
32.54
32.6065
32.7312
37.0583
37.2285
34.1685
36.7968
36.6668
36.9505
36.5439
36.4328
37.5473
36.2469
36.6632
35.6701
37.3087
37.472
32.7289
32.2331
28.5167
29.8238
35.2307
37.0957
29.7799
29.9442
30.3919
30.5394
30.3216
30.5306
30.6879
30.7859
32.3881
33.082
32.3065
28.357
28.9042
28.2641
32.8418
32.9114
38.9028
33.6474
34.5501
36.8808
36.7608
36.6933
36.9847
36.0489
36.6575
36.7033
35.8881
37.716
32.9772
33.1231
1.66585
0.385333
-0.976998
1.04251
-0.0422816
-0.394669
-0.274677
-0.145523
-0.0181308
-0.161645
-0.563642
-0.70649
-1.19987
-1.02904
-0.558612
0.0907618
-0.866692
0.0527478
-0.634141
-0.970346
0.95453
-0.0116523
-0.119216
0.338304
0.277532
0.417347
0.154845
0.176058
-0.100616
0.879762
-0.907406
-0.033055
0.176853
32.7289
32.2331
28.5167
29.8238
1.66585
0.385333
-0.976998
1.04251
-0.0422816
-0.394669
-0.274677
-0.145523
-0.0181308
-0.161645
-0.563642
-0.70649
-1.19987
-1.02904
-0.558612
0.0907618
-0.866692
0.0527478
-0.634141
-0.970346
0.95453
-0.0116523
-0.119216
0.338304
0.277532
0.417347
0.154845
0.176058
-0.100616
0.879762
-0.907406
-0.033055
0.176853
35.2307
37.0957
29.7799
29.9442
30.3919
30.5394
30.3216
30.5306
30.6879
30.7859
32.3881
33.082
32.3065
28.357
28.9042
28.2641
32.8418
32.9114
38.9028
33.6474
34.5501
36.8808
36.7608
36.6933
36.9847
36.0489
36.6575
36.7033
35.8881
37.716
32.9772
33.1231
32.2674
28.6415
28.7382
29.8045
29.9427
30.7815
30.6108
30.4612
30.6954
32.2471
32.1431
28.1053
28.5977
28.6481
39.4689
38.9138
34.719
36.5555
36.6682
36.7813
36.6509
36.3336
36.4611
36.0078
37.9356
38.5424
32.6442
-0.29772
-0.131147
0.229489
0.768806
0.126351
0.263409
-0.323206
1.34305
-0.422883
-0.710474
0.152064
1.04868
0.0536942
-0.094274
0.569741
-0.0147131
0.0150334
0.197931
-0.115964
0.30823
-0.133142
0.308485
32.2674
28.6415
-0.29772
-0.131147
0.229489
0.768806
0.126351
0.263409
-0.323206
1.34305
-0.422883
-0.710474
0.152064
1.04868
0.0536942
-0.094274
0.569741
-0.0147131
0.0150334
0.197931
-0.115964
0.30823
-0.133142
0.308485
28.7382
29.8045
29.9427
30.7815
30.6108
30.4612
30.6954
32.2471
32.1431
28.1053
28.5977
28.6481
39.4689
38.9138
34.719
36.5555
36.6682
36.7813
36.6509
36.3336
36.4611
36.0078
37.9356
38.5424
32.6442
32.3431
32.3934
28.8259
30.2684
30.3615
30.6835
29.66
30.6129
30.6272
32.0176
28.5843
28.4844
38.957
34.7264
36.4227
36.7303
36.6442
36.4064
36.2434
36.3859
37.9482
33.4425
32.6236
1.21185
0.19103
-0.183503
-0.872304
0.291111
0.416413
-0.0122475
-0.221354
0.120808
0.167528
0.475215
0.607588
0.285659
1.09902
32.3431
1.21185
0.19103
-0.183503
-0.872304
0.291111
0.416413
-0.0122475
-0.221354
0.120808
0.167528
0.475215
0.607588
0.285659
1.09902
32.3934
28.8259
30.2684
30.3615
30.6835
29.66
30.6129
30.6272
32.0176
28.5843
28.4844
38.957
34.7264
36.4227
36.7303
36.6442
36.4064
36.2434
36.3859
37.9482
33.4425
32.6236
32.3449
28.8605
30.527
30.3912
30.0207
30.3513
31.9453
31.9514
28.4217
38.9825
34.7173
36.3921
36.6311
36.3914
36.386
38.0148
38.1009
33.7375
1.83495
0.375632
0.221878
-0.155766
0.416143
-0.344608
-0.297552
0.121517
0.218097
0.211302
-0.179109
-0.800442
1.83495
0.375632
0.221878
-0.155766
0.416143
-0.344608
-0.297552
0.121517
0.218097
0.211302
-0.179109
-0.800442
32.3449
28.8605
30.527
30.3912
30.0207
30.3513
31.9453
31.9514
28.4217
38.9825
34.7173
36.3921
36.6311
36.3914
36.386
38.0148
38.1009
33.7375
32.3072
28.8301
31.9092
29.5778
30.4802
28.7134
28.3666
28.3939
38.9346
34.6819
36.5214
36.549
36.3315
38.1502
33.9172
34.1465
3.04629
1.21442
0.534426
-0.480957
-0.376745
0.0269606
-0.0804486
-0.555352
3.04629
1.21442
0.534426
-0.480957
-0.376745
0.0269606
-0.0804486
-0.555352
32.3072
28.8301
31.9092
29.5778
30.4802
28.7134
28.3666
28.3939
38.9346
34.6819
36.5214
36.549
36.3315
38.1502
33.9172
34.1465
32.3133
27.9391
32.1767
32.1264
28.7196
30.4042
32.502
38.8524
34.6608
36.8124
36.1677
38.1615
34.2766
5.70802
0.742853
-0.565376
-0.433854
-0.350683
-1.34691
5.70802
0.742853
-0.565376
-0.433854
-0.350683
-1.34691
32.3133
27.9391
32.1767
32.1264
28.7196
30.4042
32.502
38.8524
34.6608
36.8124
36.1677
38.1615
34.2766
28.281
28.9452
31.1325
32.382
29.3008
38.8588
34.8535
36.8765
38.1189
34.2909
8.84733
-0.588343
-1.06675
-2.53433
8.84733
-0.588343
-1.06675
-2.53433
28.281
28.9452
31.1325
32.382
29.3008
38.8588
34.8535
36.8765
38.1189
34.2909
28.542
30.2175
32.2595
39.512
34.1239
38.2773
34.0757
34.1617
-0.690696
-4.65304
-0.690696
-4.65304
28.542
30.2175
32.2595
39.512
34.1239
38.2773
34.0757
34.1617
27.0327
33.1608
39.4024
34.2981
36.23
38.2697
-6.97965
-6.97965
27.0327
33.1608
39.4024
34.2981
36.23
38.2697
30.2287
32.456
39.5629
30.2287
32.456
39.5629
36.4438
36.4438
)
;

boundaryField
{
    frontAndBack
    {
        type            empty;
    }
    interno
    {
        type            calculated;
        value           nonuniform List<scalar> 
164
(
8.84733
8.84733
0.742853
0.742853
0.534426
0.534426
-0.155766
-0.155766
0.416143
0.416143
0.416413
0.416413
1.04868
1.04868
0.152064
0.152064
-0.422883
-0.422883
-0.710474
-0.710474
-0.866692
-0.866692
-1.25692
-1.25692
-1.72645
-1.72645
-2.49163
-2.49163
-0.284298
-0.284298
1.67609
1.67609
0.500789
0.500789
-0.589609
-0.589609
-1.54481
-1.54481
-0.742981
-0.742981
-0.374295
-0.374295
-1.37213
-1.37213
1.0131
1.0131
2.00423
2.00423
4.3006
4.3006
-0.938715
-0.938715
0.72549
0.72549
1.92677
1.92677
4.48841
4.48841
2.35092
2.35092
2.27861
2.27861
1.80055
1.80055
2.61492
2.61492
1.53484
1.53484
0.657412
0.657412
-0.658288
-0.658288
-1.47199
-1.47199
1.68534
1.68534
10.2744
10.2744
17.2735
17.2735
66.2572
215.478
66.2572
215.478
92.966
92.966
73.9205
73.9205
65.6278
65.6278
60.4785
60.4785
56.7449
56.7449
53.8442
53.8442
51.5001
51.5001
49.5945
49.5945
47.9901
47.9901
46.6208
46.6208
45.4611
45.4611
44.5081
44.5081
43.483
43.483
42.5072
42.5072
41.5519
41.5519
40.5218
40.5218
39.4663
39.4663
38.3531
38.3531
36.7236
36.7236
34.3053
34.3053
31.1294
31.1294
35.0427
35.0427
112.309
112.309
35.1118
35.1118
30.1943
30.1943
32.6627
32.6627
34.3617
34.3617
35.4097
35.4097
35.9278
35.9278
36.0971
36.0971
36.2415
36.2415
36.3391
36.3391
36.413
36.413
36.4646
36.4646
36.522
36.522
36.5446
36.5446
36.4533
36.4533
36.3396
36.3396
36.5109
36.5109
37.222
37.222
)
;
    }
    externo
    {
        type            calculated;
        value           nonuniform List<scalar> 
368
(
30.6988
30.6988
30.4579
30.4579
30.2395
30.2395
30.3522
30.3522
30.3091
30.3091
30.2228
30.2228
30.1735
30.1735
30.1302
30.1302
30.0628
30.0628
29.9682
29.9682
29.8835
29.8835
29.8064
29.8064
29.7659
29.7659
29.7719
29.7719
29.5258
29.5258
29.3997
29.3997
29.3124
29.3124
29.1569
29.1569
29.0517
29.0517
28.8497
28.8497
28.6543
28.6543
28.4855
28.4855
28.3536
28.3536
28.0218
28.0218
27.8817
27.8817
27.7265
27.7265
27.4787
27.4787
27.29
27.29
27.09
27.09
26.8514
26.8514
26.59
26.59
26.2618
26.2618
26.0595
26.0595
25.7611
25.7611
25.5162
25.5162
25.2339
25.2339
25.0526
25.0526
24.5997
24.5997
24.3748
24.3748
24.1239
24.1239
23.8818
23.8818
23.6588
23.6588
23.4717
23.4717
23.3617
23.3617
23.2644
23.2644
23.3413
23.3413
23.5979
23.5979
24.3573
24.3573
25.5733
25.5733
28.2701
28.2701
33.2105
33.2105
31.0737
31.0737
-114.875
-114.875
34.7736
34.7736
35.0958
35.0958
27.3709
27.3709
23.1117
23.1117
20.582
20.582
18.9829
18.9829
17.9957
17.9957
17.1012
17.1012
16.4392
16.4392
15.9394
15.9394
15.6007
15.6007
15.3866
15.3866
15.1304
15.1304
15.4036
15.4036
16.0368
16.0368
17.3918
17.3918
20.2565
20.2565
25.2844
25.2844
21.1317
21.1317
-136.218
-136.218
24.9789
24.9789
27.2101
27.2101
18.8102
18.8102
14.1394
14.1394
11.395
11.395
9.52243
9.52243
8.15457
8.15457
7.10864
7.10864
6.2161
6.2161
5.45895
5.45895
4.74325
4.74325
4.08699
4.08699
3.47043
3.47043
2.86159
2.86159
2.24257
2.24257
1.68166
1.68166
1.12672
1.12672
0.575039
0.575039
0.186685
0.212947
0.186685
0.212947
0.238364
0.238364
0.332933
0.332933
0.328214
0.328214
0.312487
0.312487
0.304275
0.304275
0.424891
0.424891
0.381282
0.381282
0.344822
0.344822
0.298258
0.298258
0.181406
0.181406
0.261831
0.261831
0.264346
0.264346
0.417738
0.417738
0.16361
0.16361
0.269369
0.269369
0.18716
0.18716
0.299207
0.299207
0.331951
0.331951
0.300637
0.300637
0.537104
0.537104
0.375771
0.375771
0.238192
0.238192
0.2025
0.2025
0.262531
0.262531
0.314735
0.314735
0.330558
0.330558
0.211656
0.211656
0.24605
0.24605
0.341498
0.341498
0.386535
0.386535
0.394227
0.394227
0.292563
0.292563
0.127925
0.127925
-0.177334
-0.177334
0.217506
0.217506
0.0949557
0.0949557
0.279537
0.279537
0.420671
0.420671
0.353928
0.353928
0.772549
0.772549
0.460878
0.460878
0.327043
0.327043
0.213352
0.213352
0.0634981
0.0634981
-0.251933
-0.251933
0.274084
0.274084
0.187061
0.187061
0.751762
0.751762
0.392397
0.392397
0.116394
0.116394
-0.252585
-0.252585
0.161191
0.161191
0.203908
0.203908
0.829889
0.829889
0.446585
0.446585
0.205742
0.205742
0.0683934
0.0683934
-0.0436277
-0.0436277
-0.433719
-0.433719
0.0761633
0.0761633
0.158801
0.158801
0.780325
0.780325
0.420327
0.420327
0.234035
0.234035
0.154106
0.154106
0.150161
0.150161
0.0818023
0.0818023
0.0103465
0.0103465
-0.166256
-0.166256
-0.56623
-0.56623
0.0291545
0.0291545
0.0798549
0.0798549
0.740403
0.740403
0.251745
0.251745
-0.0993011
-0.0993011
-0.598523
-0.598523
0.0288404
0.0288404
0.0893331
0.0893331
0.660491
0.660491
0.0527478
0.0527478
-0.634141
-0.634141
0.0536942
0.0536942
-0.094274
-0.094274
0.569741
0.569741
-0.0122475
-0.0122475
-0.344608
-0.344608
-0.480957
-0.480957
-0.565376
-0.565376
-0.588343
-0.588343
-0.690696
-0.690696
-6.97965
-6.97965
)
;
    }
    symHor
    {
        type            symmetryPlane;
    }
    symVert
    {
        type            symmetryPlane;
    }
}


// ************************************************************************* //
