/*--------------------------------*- C++ -*----------------------------------*\
| =========                 |                                                 |
| \\      /  F ield         | OpenFOAM: The Open Source CFD Toolbox           |
|  \\    /   O peration     | Version:  2.4.x                                 |
|   \\  /    A nd           | Web:      www.OpenFOAM.org                      |
|    \\/     M anipulation  |                                                 |
\*---------------------------------------------------------------------------*/
FoamFile
{
    version     2.0;
    format      ascii;
    class       volScalarField;
    location    "10";
    object      gradTx;
}
// * * * * * * * * * * * * * * * * * * * * * * * * * * * * * * * * * * * * * //

dimensions      [0 -1 0 1 0 0 0];

internalField   nonuniform List<scalar> 
6768
(
-0.213717
-0.213717
-0.57583
-0.244884
-0.57583
-0.244884
-1.12309
-0.639303
-0.31008
-1.12309
-0.639303
-0.31008
-1.77111
-1.18782
-0.750998
-0.291009
-1.77111
-1.18782
-0.750998
-0.291009
-2.38826
-1.76754
-1.47241
-0.714708
-0.287304
-2.38826
-1.76754
-1.47241
-0.714708
-0.287304
-2.9803
-2.2651
-2.38363
-1.19207
-1.89702
-0.603656
-0.302827
-2.9803
-2.2651
-2.38363
-1.19207
-1.89702
-0.603656
-0.302827
-3.48397
-2.77668
-3.12576
-2.62563
-0.882288
-1.51557
-2.23861
-0.429785
-3.48397
-2.77668
-3.12576
-2.62563
-0.882288
-1.51557
-2.23861
-0.429785
-4.04738
-3.31526
-3.74647
-3.38164
-2.99842
-0.936375
-1.66869
-2.50235
-0.441851
-4.04738
-3.31526
-3.74647
-3.38164
-2.99842
-0.936375
-1.66869
-2.50235
-0.441851
-4.6062
-3.84208
-4.3215
-4.10373
-3.69715
-3.60251
-1.03527
-1.63385
-2.14787
-2.98738
-0.470782
-4.6062
-3.84208
-4.3215
-4.10373
-3.69715
-3.60251
-1.03527
-1.63385
-2.14787
-2.98738
-0.470782
-5.15533
-4.3606
-4.90775
-4.65103
-4.39792
-4.55274
-3.8595
-4.56618
-1.03154
-1.37099
-2.38133
-3.32569
-0.546665
-5.15533
-4.3606
-4.90775
-4.65103
-4.39792
-4.55274
-3.8595
-4.56618
-1.03154
-1.37099
-2.38133
-3.32569
-0.546665
-5.70479
-4.86557
-5.50856
-5.22432
-4.85542
-5.24702
-4.18906
-4.64336
-5.01072
-0.616322
-1.49273
-2.6794
-3.72302
-5.70479
-4.86557
-5.50856
-5.22432
-4.85542
-5.24702
-4.18906
-4.64336
-5.01072
-0.616322
-1.49273
-2.6794
-3.72302
-6.33988
-5.3475
-6.14748
-5.79369
-5.54718
-5.97115
-5.60691
-4.57116
-4.87625
-5.28482
-5.86854
-0.627831
-1.67067
-3.15205
-4.33022
-6.33988
-5.3475
-6.14748
-5.79369
-5.54718
-5.97115
-5.60691
-4.57116
-4.87625
-5.28482
-5.86854
-0.627831
-1.67067
-3.15205
-4.33022
-6.83592
-5.66729
-6.16273
-6.83993
-6.38817
-6.17895
-6.49663
-6.12601
-4.86256
-5.06753
-5.47307
-5.95204
-6.40306
-0.57062
-1.70254
-3.81104
-5.06963
-6.83592
-5.66729
-6.16273
-6.83993
-6.38817
-6.17895
-6.49663
-6.12601
-4.86256
-5.06753
-5.47307
-5.95204
-6.40306
-0.57062
-1.70254
-3.81104
-5.06963
-7.23788
-6.65084
-7.43913
-7.09685
-6.77639
-7.09047
-6.76148
-5.25349
-5.08134
-5.61652
-6.07004
-6.55611
-7.00442
-0.87707
-2.15582
-3.99182
-5.60582
-5.89234
-7.23788
-6.65084
-7.43913
-7.09685
-6.77639
-7.09047
-6.76148
-5.25349
-5.08134
-5.61652
-6.07004
-6.55611
-7.00442
-0.87707
-2.15582
-3.99182
-5.60582
-5.89234
-7.73726
-7.13382
-8.07058
-7.66667
-7.39847
-7.71581
-7.37626
-5.35645
-4.76908
-5.38863
-6.0264
-6.67852
-7.10486
-7.67895
-1.19808
-2.39347
-6.08869
-8.7534
-6.50235
-7.73726
-7.13382
-8.07058
-7.66667
-7.39847
-7.71581
-7.37626
-5.35645
-4.76908
-5.38863
-6.0264
-6.67852
-7.10486
-7.67895
-1.19808
-2.39347
-6.08869
-8.7534
-6.50235
-8.41163
-7.41631
-7.9204
-8.79821
-8.2508
-8.01057
-8.35651
-8.02377
-4.33134
-4.21152
-5.13471
-5.91033
-6.68865
-7.27452
-8.05009
-8.34095
-3.64289
-10.7625
-14.4163
-3.70801
-8.41163
-7.41631
-7.9204
-8.79821
-8.2508
-8.01057
-8.35651
-8.02377
-4.33134
-4.21152
-5.13471
-5.91033
-6.68865
-7.27452
-8.05009
-8.34095
-3.64289
-10.7625
-14.4163
-3.70801
-8.92296
-9.23212
-8.38062
-9.35271
-8.86741
-8.59688
-9.02355
-8.69782
-2.9171
-3.50207
-4.70123
-5.65604
-6.49899
-7.35174
-8.29497
-8.20365
-8.60721
-9.02099
-6.09483
-26.9124
-1.33345
6.36368
0.473103
-8.92296
-9.23212
-8.38062
-9.35271
-8.86741
-8.59688
-9.02355
-8.69782
-2.9171
-3.50207
-4.70123
-5.65604
-6.49899
-7.35174
-8.29497
-8.20365
-8.60721
-9.02099
-6.09483
-26.9124
-1.33345
6.36368
0.473103
-9.93106
-8.67937
-9.24455
-9.96104
-9.42979
-9.18696
-9.80323
-9.41255
-1.656
-2.97533
-4.30297
-5.37056
-6.26359
-6.96889
-7.91235
-8.85201
-9.4436
-8.2986
-9.31335
-9.75411
2.13845
2.85878
0.860898
21.1115
6.7212
1.29898
-9.93106
-8.67937
-9.24455
-9.96104
-9.42979
-9.18696
-9.80323
-9.41255
-1.656
-2.97533
-4.30297
-5.37056
-6.26359
-6.96889
-7.91235
-8.85201
-9.4436
-8.2986
-9.31335
-9.75411
2.13845
2.85878
0.860898
21.1115
6.7212
1.29898
-10.474
-10.7757
-9.69261
-10.3918
-10.2488
-9.69292
-10.6391
-10.1101
-1.19582
-2.72848
-4.01756
-5.14192
-6.1352
-7.04434
-8.1167
-9.65818
-9.94529
-9.63431
-8.55706
-9.70853
-10.0883
-10.5182
4.14071
8.03578
3.87505
0.779703
-10.474
-10.7757
-9.69261
-10.3918
-10.2488
-9.69292
-10.6391
-10.1101
-1.19582
-2.72848
-4.01756
-5.14192
-6.1352
-7.04434
-8.1167
-9.65818
-9.94529
-9.63431
-8.55706
-9.70853
-10.0883
-10.5182
4.14071
8.03578
3.87505
0.779703
-11.2758
-10.1613
-10.8204
-10.7643
-10.3887
-10.7786
-11.6021
-10.8483
-1.23689
-2.49958
-3.85747
-4.96588
-6.00387
-6.95228
-7.84886
-10.4351
-10.7543
-10.0773
-8.61542
-9.73363
-10.5341
-10.8951
-11.3134
2.73108
3.58889
1.69444
-0.11661
-11.2758
-10.1613
-10.8204
-10.7643
-10.3887
-10.7786
-11.6021
-10.8483
-1.23689
-2.49958
-3.85747
-4.96588
-6.00387
-6.95228
-7.84886
-10.4351
-10.7543
-10.0773
-8.61542
-9.73363
-10.5341
-10.8951
-11.3134
2.73108
3.58889
1.69444
-0.11661
-11.8312
-10.6302
-11.1836
-11.2325
-11.237
-12.3726
-11.7393
-1.70757
-2.61367
-3.89875
-5.02317
-5.91922
-6.85675
-7.76414
-11.2738
-11.6424
-11.134
-8.54368
-9.24893
-10.1077
-11.6527
-10.5059
-11.722
-12.1452
1.66758
2.10315
0.496978
-0.516703
-11.8312
-10.6302
-11.1836
-11.2325
-11.237
-12.3726
-11.7393
-1.70757
-2.61367
-3.89875
-5.02317
-5.91922
-6.85675
-7.76414
-11.2738
-11.6424
-11.134
-8.54368
-9.24893
-10.1077
-11.6527
-10.5059
-11.722
-12.1452
1.66758
2.10315
0.496978
-0.516703
-12.3409
-11.2085
-11.7425
-12.0164
-12.0521
-12.7698
-13.1986
-12.4992
-1.57918
-3.1584
-3.96232
-4.86487
-5.85402
-6.77249
-7.68062
-12.1127
-12.5221
-12.0651
-8.53626
-9.4881
-10.6315
-12.5548
-12.0011
-11.3689
-12.5509
-12.9633
0.566596
0.734427
-0.261841
-0.357224
-1.5698
-12.3409
-11.2085
-11.7425
-12.0164
-12.0521
-12.7698
-13.1986
-12.4992
-1.57918
-3.1584
-3.96232
-4.86487
-5.85402
-6.77249
-7.68062
-12.1127
-12.5221
-12.0651
-8.53626
-9.4881
-10.6315
-12.5548
-12.0011
-11.3689
-12.5509
-12.9633
0.566596
0.734427
-0.261841
-0.357224
-1.5698
-12.842
-11.6085
-11.9891
-12.5786
-12.7873
-13.645
-13.766
-13.4277
-2.08555
-2.95463
-3.43475
-4.394
-5.05668
-5.84298
-6.7219
-7.61709
-12.9687
-13.381
-12.9581
-8.45628
-9.46193
-10.6043
-13.4052
-13.0528
-12.9568
-12.1039
-11.1112
-13.3769
-13.7771
0.345275
0.0090118
0.248776
-0.806947
-1.36908
-12.842
-11.6085
-11.9891
-12.5786
-12.7873
-13.645
-13.766
-13.4277
-2.08555
-2.95463
-3.43475
-4.394
-5.05668
-5.84298
-6.7219
-7.61709
-12.9687
-13.381
-12.9581
-8.45628
-9.46193
-10.6043
-13.4052
-13.0528
-12.9568
-12.1039
-11.1112
-13.3769
-13.7771
0.345275
0.0090118
0.248776
-0.806947
-1.36908
-13.3804
-11.9324
-12.4999
-13.1209
-13.5635
-14.0208
-14.2706
-14.5926
-14.1787
-2.33252
-3.13649
-3.85109
-4.59475
-5.20797
-5.90729
-6.69618
-7.55095
-13.7779
-14.2096
-13.8024
-8.34132
-9.22234
-10.5166
-14.2163
-13.8888
-13.7288
-13.1525
-14.0654
-12.754
-11.5747
-10.8063
-14.1712
-14.5686
-0.232499
-0.400406
-1.21566
-1.15172
-13.3804
-11.9324
-12.4999
-13.1209
-13.5635
-14.0208
-14.2706
-14.5926
-14.1787
-2.33252
-3.13649
-3.85109
-4.59475
-5.20797
-5.90729
-6.69618
-7.55095
-13.7779
-14.2096
-13.8024
-8.34132
-9.22234
-10.5166
-14.2163
-13.8888
-13.7288
-13.1525
-14.0654
-12.754
-11.5747
-10.8063
-14.1712
-14.5686
-0.232499
-0.400406
-1.21566
-1.15172
-13.8675
-12.3933
-12.8393
-13.5238
-13.9508
-14.2966
-14.7714
-15.054
-15.3313
-14.9405
-1.71207
-2.666
-3.45781
-4.12635
-4.72279
-5.28783
-5.95285
-6.68962
-7.48697
-14.5845
-15.0075
-14.6828
-8.2394
-9.05001
-9.66183
-15.2734
-14.4112
-14.6717
-13.9447
-13.1619
-14.9355
-14.1208
-11.9594
-12.8391
-10.9572
-11.4225
-14.9619
-15.3165
-0.237659
-0.69847
-0.958693
-13.8675
-12.3933
-12.8393
-13.5238
-13.9508
-14.2966
-14.7714
-15.054
-15.3313
-14.9405
-1.71207
-2.666
-3.45781
-4.12635
-4.72279
-5.28783
-5.95285
-6.68962
-7.48697
-14.5845
-15.0075
-14.6828
-8.2394
-9.05001
-9.66183
-15.2734
-14.4112
-14.6717
-13.9447
-14.9355
-14.1208
-13.1619
-11.9594
-12.8391
-10.9572
-11.4225
-14.9619
-15.3165
-0.237659
-0.69847
-0.958693
-14.3361
-14.8319
-13.4403
-13.8148
-14.1281
-14.8482
-15.3165
-15.7333
-16.0374
-15.648
-1.096
-2.14265
-3.05941
-3.82257
-4.30422
-4.75698
-5.31041
-5.95265
-6.66557
-7.43339
-15.366
-15.77
-15.4602
-8.17014
-8.99621
-9.86206
-15.8198
-15.3804
-15.7716
-15.0399
-14.83
-13.8266
-15.584
-14.9079
-12.1627
-13.2955
-10.6536
-11.3736
-15.7085
-16.017
-0.502167
-14.3361
-14.8319
-13.4403
-13.8148
-14.1281
-14.8482
-15.3165
-15.7333
-16.0374
-15.648
-1.096
-2.14265
-3.05941
-3.82257
-4.30422
-4.75698
-5.31041
-5.95265
-6.66557
-7.43339
-15.366
-15.77
-15.4602
-8.17014
-8.99621
-9.86206
-15.8198
-15.3804
-15.7716
-15.0399
-15.584
-14.9079
-14.83
-13.8266
-12.1627
-13.2955
-10.6536
-11.3736
-15.7085
-16.017
-0.502167
-15.3169
-15.8443
-16.2191
-14.5812
-15.4126
-15.8322
-16.4953
-16.5808
-16.3501
-0.395807
-1.26879
-2.76752
-3.79686
-4.09732
-4.35213
-4.64599
-5.24403
-5.90442
-6.61516
-7.3713
-16.0973
-16.4889
-16.1721
-8.08236
-8.91431
-9.76922
-16.4743
-16.1085
-16.789
-15.9158
-14.9402
-15.4738
-14.138
-16.5151
-15.9702
-12.2263
-13.1816
-10.5364
-11.3286
-16.4048
-16.7152
-15.3169
-15.8443
-16.2191
-14.5812
-15.4126
-15.8322
-16.4953
-16.5808
-16.3501
-0.395807
-1.26879
-2.76752
-3.79686
-4.09732
-4.35213
-4.64599
-5.24403
-5.90442
-6.61516
-7.3713
-16.0973
-16.4889
-16.1721
-8.08236
-8.91431
-9.76922
-16.4743
-16.1085
-16.789
-15.9158
-16.5151
-15.9702
-15.4738
-14.9402
-14.138
-12.2263
-13.1816
-10.5364
-11.3286
-16.4048
-16.7152
-16.682
-15.0408
-15.9913
-16.2609
-17.1709
-17.1712
-17.0276
-0.126056
-0.973088
-3.33314
-4.19608
-4.26006
-4.1917
-4.372
-5.07285
-5.78748
-6.52437
-7.289
-16.7931
-17.1873
-16.869
-7.97791
-8.80961
-9.66845
-17.2353
-16.8891
-17.4292
-16.9947
-15.14
-15.7964
-16.3269
-14.1685
-17.4098
-17.0878
-13.1468
-12.166
-10.4438
-11.2362
-17.1054
-17.403
-16.682
-15.0408
-15.9913
-16.2609
-17.1709
-17.1712
-17.0276
-0.126056
-0.973088
-3.33314
-4.19608
-4.26006
-4.1917
-4.372
-5.07285
-5.78748
-6.52437
-7.289
-16.7931
-17.1873
-16.869
-7.97791
-8.80961
-9.66845
-17.2353
-16.8891
-17.4292
-16.9947
-17.4098
-17.0878
-16.3269
-15.7964
-15.14
-14.1685
-12.166
-13.1468
-10.4438
-11.2362
-17.1054
-17.403
-17.1521
-15.4791
-16.8092
-16.7532
-17.0811
-17.8777
-18.0224
-17.6523
-0.661677
-1.8654
-3.8355
-5.09495
-5.13898
-4.18238
-3.65944
-3.97341
-4.82285
-5.61472
-6.38825
-7.17259
-17.5064
-17.9027
-17.5755
-7.85035
-8.68833
-9.55625
-17.9778
-17.6717
-18.1747
-17.8348
-15.3671
-16.6019
-16.9885
-17.8125
-14.4793
-18.2683
-17.9517
-12.9647
-12.0028
-10.317
-11.0865
-17.7754
-18.0294
-17.1521
-15.4791
-16.8092
-16.7532
-17.0811
-17.8777
-18.0224
-17.6523
-0.661677
-1.8654
-3.8355
-5.09495
-5.13898
-4.18238
-3.65944
-3.97341
-4.82285
-5.61472
-6.38825
-7.17259
-17.5064
-17.9027
-17.5755
-7.85035
-8.68833
-9.55625
-17.9778
-17.6717
-18.1747
-17.8348
-18.2683
-17.9517
-17.8125
-16.9885
-16.6019
-15.3671
-14.4793
-12.0028
-12.9647
-10.317
-11.0865
-17.7754
-18.0294
-17.6263
-15.9157
-17.4953
-18.0468
-17.8548
-18.3614
-18.6259
-18.3161
-0.977938
-2.1486
-5.33325
-8.15748
-4.68716
-2.57111
-2.92008
-3.56522
-4.53146
-5.40376
-6.22601
-7.03505
-18.153
-18.5415
-18.2962
-7.70593
-8.54216
-9.40841
-18.7091
-18.4316
-18.9033
-18.6477
-14.7852
-14.7677
-15.7696
-18.0239
-17.2427
-19.026
-18.9819
-18.5341
-13.1654
-19.0423
-18.7126
-12.5461
-11.8509
-10.1413
-10.8928
-18.3891
-18.6518
-17.6263
-15.9157
-17.4953
-18.0468
-17.8548
-18.3614
-18.6259
-18.3161
-0.977938
-2.1486
-5.33325
-8.15748
-4.68716
-2.57111
-2.92008
-3.56522
-4.53146
-5.40376
-6.22601
-7.03505
-18.153
-18.5415
-18.2962
-7.70593
-8.54216
-9.40841
-18.7091
-18.4316
-18.9033
-18.6477
-19.0423
-18.7126
-18.5341
-18.9819
-18.0239
-19.026
-17.2427
-15.7696
-14.7677
-14.7852
-13.1654
-11.8509
-12.5461
-10.1413
-10.8928
-18.3891
-18.6518
-18.4526
-15.9603
-16.5321
-16.9862
-18.5168
-18.4261
-18.8718
-19.1594
-18.912
-2.94937
-9.78547
-16.3296
4.45159
0.0585753
-1.38116
-2.38999
-3.26556
-4.26484
-5.17669
-6.04378
-6.87901
-18.7662
-19.1548
-18.9339
-7.54603
-8.38999
-9.24523
-19.3394
-19.1218
-19.5871
-19.4305
-14.8179
-15.5985
-16.0887
-17.1387
-18.8361
-19.4155
-18.3776
-19.0249
-19.7931
-13.5165
-19.0395
-20.152
-12.911
-11.6595
-9.94928
-10.608
-19.0265
-19.2641
-18.4526
-15.9603
-16.5321
-16.9862
-18.5168
-18.4261
-18.8718
-19.1594
-18.912
-2.94937
-9.78547
-16.3296
4.45159
0.0585753
-1.38116
-2.38999
-3.26556
-4.26484
-5.17669
-6.04378
-6.87901
-18.7662
-19.1548
-18.9339
-7.54603
-8.38999
-9.24523
-19.3394
-19.1218
-19.5871
-19.4305
-20.152
-19.0395
-19.7931
-19.0249
-18.8361
-19.4155
-18.3776
-17.1387
-16.0887
-15.5985
-14.8179
-13.5165
-11.6595
-12.911
-9.94928
-10.608
-19.0265
-19.2641
-18.9365
-18.9704
-19.8327
-17.1548
-17.862
-19.075
-19.1836
-19.4088
-19.7163
-19.4897
-5.36738
-24.6474
-1.57485
19.564
6.02809
1.26235
-0.851384
-2.11692
-3.0743
-4.05785
-4.95752
-5.84053
-6.69937
-19.4037
-19.7948
-19.5609
-7.37965
-8.23186
-9.08613
-19.993
-19.7844
-20.2516
-20.1603
-13.9473
-15.6664
-16.8725
-18.08
-19.7534
-20.1738
-20.2202
-19.3889
-20.8331
-21.1601
-12.9629
-20.156
-20.8104
-11.8669
-11.1168
-9.80238
-10.6353
-19.6383
-19.8419
-18.9365
-18.9704
-19.8327
-17.1548
-17.862
-19.075
-19.1836
-19.4088
-19.7163
-19.4897
-5.36738
-24.6474
-1.57485
19.564
6.02809
1.26235
-0.851384
-2.11692
-3.0743
-4.05785
-4.95752
-5.84053
-6.69937
-19.4037
-19.7948
-19.5609
-7.37965
-8.23186
-9.08613
-19.993
-19.7844
-20.2516
-20.1603
-20.8104
-20.156
-21.1601
-20.8331
-20.2202
-19.7534
-20.1738
-19.3889
-18.08
-16.8725
-15.6664
-13.9473
-12.9629
-11.8669
-11.1168
-9.80238
-10.6353
-19.6383
-19.8419
-20.3587
-20.4415
-18.3119
-19.4347
-19.702
-19.9644
-20.2562
-20.0421
1.96461
3.81578
0.46076
3.97362
7.51914
3.68461
0.954828
-0.823118
-2.00929
-2.96706
-3.90019
-4.79477
-5.66187
-6.5253
-20.011
-20.3879
-20.2073
-7.19738
-8.0521
-8.9154
-20.6153
-20.4497
-20.9152
-20.7109
-15.3383
-14.0809
-16.4495
-17.7043
-19.0231
-20.7559
-21.0978
-21.349
-21.644
-20.4133
-22.073
-21.4348
-20.5384
-20.6294
-11.9231
-11.0969
-9.57073
-9.9644
-20.201
-20.3611
-20.3587
-20.4415
-18.3119
-19.4347
-19.702
-19.9644
-20.2562
-20.0421
1.96461
3.81578
0.46076
3.97362
7.51914
3.68461
0.954828
-0.823118
-2.00929
-2.96706
-3.90019
-4.79477
-5.66187
-6.5253
-20.011
-20.3879
-20.2073
-7.19738
-8.0521
-8.9154
-20.6153
-20.4497
-20.9152
-20.7109
-20.6294
-20.5384
-21.4348
-22.073
-21.644
-21.349
-20.7559
-21.0978
-20.4133
-19.0231
-17.7043
-16.4495
-15.3383
-14.0809
-11.9231
-11.0969
-9.57073
-9.9644
-20.201
-20.3611
-20.8851
-18.7989
-19.8766
-20.1983
-20.4458
-20.7136
-20.5315
2.60533
3.46331
1.68999
0.112244
-0.905418
-2.02972
-2.87899
-3.76767
-4.63314
-5.48588
-6.34137
-20.5654
-20.9454
-20.7849
-7.01215
-7.85446
-8.70181
-21.2173
-21.0729
-21.5745
-21.4067
-15.7754
-14.1338
-12.5089
-17.1705
-18.5599
-19.9934
-21.8381
-22.1572
-22.4341
-22.6878
-22.867
-21.4877
-23.7807
-21.6626
-22.8022
-11.453
-10.9491
-11.1714
-9.2798
-9.73574
-20.7237
-20.8642
-20.8851
-18.7989
-19.8766
-20.1983
-20.4458
-20.7136
-20.5315
2.60533
3.46331
1.68999
0.112244
-0.905418
-2.02972
-2.87899
-3.76767
-4.63314
-5.48588
-6.34137
-20.5654
-20.9454
-20.7849
-7.01215
-7.85446
-8.70181
-21.2173
-21.0729
-21.5745
-21.4067
-21.6626
-22.8022
-23.7807
-22.867
-22.6878
-22.4341
-21.8381
-22.1572
-21.4877
-19.9934
-18.5599
-17.1705
-15.7754
-14.1338
-12.5089
-11.453
-11.1714
-10.9491
-9.2798
-9.73574
-20.7237
-20.8642
-21.3733
-19.2271
-20.3054
-20.6583
-20.9027
-21.187
-21.0256
1.77672
2.40627
0.693806
-0.134882
-1.42401
-2.09944
-2.85042
-3.6932
-4.46988
-5.29422
-6.15277
-21.107
-21.5103
-21.3653
-6.81741
-7.67378
-8.49815
-21.7974
-21.6952
-22.2615
-22.0312
-16.4852
-14.9727
-13.5245
-12.3079
-17.9687
-19.4731
-21.0294
-23.0394
-23.3439
-23.6077
-23.8107
-23.9611
-24.1326
-22.649
-24.886
-23.1272
-22.2486
-10.2127
-10.8259
-11.1652
-9.11441
-21.2537
-21.4001
-21.3733
-19.2271
-20.3054
-20.6583
-20.9027
-21.187
-21.0256
1.77672
2.40627
0.693806
-0.134882
-1.42401
-2.09944
-2.85042
-3.6932
-4.46988
-5.29422
-6.15277
-21.107
-21.5103
-21.3653
-6.81741
-7.67378
-8.49815
-21.7974
-21.6952
-22.2615
-22.0312
-22.2486
-23.1272
-24.1326
-24.886
-23.9611
-23.8107
-23.6077
-23.0394
-23.3439
-22.649
-21.0294
-19.4731
-17.9687
-16.4852
-14.9727
-13.5245
-12.3079
-10.2127
-10.8259
-11.1652
-9.11441
-21.2537
-21.4001
-21.8597
-19.6418
-20.8326
-21.1354
-21.3522
-21.6447
-21.5124
0.591123
0.831286
-0.228236
0.532361
-0.655624
-1.27341
-2.25967
-3.25513
-3.32461
-4.46735
-5.09948
-5.96474
-21.6425
-22.0392
-21.9154
-6.62988
-7.47112
-8.31557
-22.3575
-22.2808
-22.8726
-23.0791
-17.2689
-15.7574
-14.318
-13.0379
-11.866
-18.8309
-20.4564
-22.1625
-24.3538
-24.6643
-24.8936
-25.0492
-25.1875
-25.3235
-25.4676
-23.9443
-24.5971
-23.4794
-25.7942
-23.1004
-9.03689
-9.70693
-9.96094
-10.1466
-21.7678
-21.8773
-21.8597
-19.6418
-20.8326
-21.1354
-21.3522
-21.6447
-21.5124
0.591123
0.831286
-0.228236
0.532361
-0.655624
-1.27341
-2.25967
-3.25513
-3.32461
-4.46735
-5.09948
-5.96474
-21.6425
-22.0392
-21.9154
-6.62988
-7.47112
-8.31557
-22.3575
-22.2808
-22.8726
-23.0791
-23.1004
-23.4794
-25.3235
-25.4676
-24.5971
-25.7942
-25.1875
-25.0492
-24.8936
-24.3538
-24.6643
-23.9443
-22.1625
-20.4564
-18.8309
-17.2689
-15.7574
-14.318
-13.0379
-11.866
-9.03689
-9.70693
-9.96094
-10.1466
-21.7678
-21.8773
-22.3127
-20.0348
-21.4344
-21.3542
-21.7951
-22.0928
-21.9713
0.435734
-0.371601
-0.353687
-0.173266
-0.873056
-0.702902
-1.69339
-2.30521
-2.52207
-3.45196
-4.1422
-5.25812
-5.82979
-22.1596
-22.5745
-22.4524
-6.43038
-7.27095
-8.13689
-22.9241
-22.8954
-23.4311
-23.4557
-18.0659
-16.4872
-15.0015
-13.6392
-12.3849
-11.192
-19.7385
-21.515
-23.4102
-25.845
-26.1495
-26.3144
-26.4139
-26.4872
-26.5694
-26.6386
-26.7142
-25.4191
-25.2101
-25.418
-24.3308
-26.184
-8.81201
-9.60585
-9.8446
-10.2467
-9.60317
-22.2821
-22.4089
-22.3127
-20.0348
-21.4344
-21.3542
-21.7951
-22.0928
-21.9713
0.435734
-0.371601
-0.353687
-0.173266
-0.873056
-0.702902
-1.69339
-2.30521
-2.52207
-3.45196
-4.1422
-5.25812
-5.82979
-22.1596
-22.5745
-22.4524
-6.43038
-7.27095
-8.13689
-22.9241
-22.8954
-23.4311
-23.4557
-24.3308
-26.5694
-26.6386
-26.7142
-25.2101
-25.418
-26.184
-26.4872
-26.4139
-26.3144
-25.845
-26.1495
-25.4191
-23.4102
-21.515
-19.7385
-18.0659
-16.4872
-15.0015
-13.6392
-12.3849
-11.192
-8.81201
-9.60585
-9.8446
-10.2467
-9.60317
-22.2821
-22.4089
-22.7869
-20.3741
-21.8898
-21.7936
-22.2404
-22.526
-22.432
-0.222466
0.025023
-0.675174
-0.63964
-1.08923
-1.75005
-2.288
-3.06906
-3.96775
-3.98788
-4.69109
-5.62384
-22.6923
-23.1192
-22.985
-6.19518
-7.03179
-7.88703
-23.4443
-23.5674
-23.6759
-18.8637
-17.1701
-15.5953
-14.1501
-12.8093
-11.5674
-10.1884
-20.692
-22.6697
-24.8116
-27.5434
-27.7999
-27.9108
-27.9191
-27.9142
-27.8806
-27.8485
-27.8647
-28.1918
-27.0973
-24.9807
-24.3803
-26.2724
-27.0004
-27.4092
-8.45982
-8.83194
-9.37863
-9.06238
-8.35482
-22.8323
-22.9847
-22.7869
-20.3741
-21.8898
-21.7936
-22.2404
-22.526
-22.432
-0.222466
0.025023
-0.675174
-0.63964
-1.08923
-1.75005
-2.288
-3.06906
-3.96775
-3.98788
-4.69109
-5.62384
-22.6923
-23.1192
-22.985
-6.19518
-7.03179
-7.88703
-23.4443
-23.5674
-23.6759
-27.8806
-27.8485
-27.8647
-28.1918
-24.9807
-24.3803
-26.2724
-27.0004
-27.4092
-27.9142
-27.9191
-27.9108
-27.5434
-27.7999
-27.0973
-24.8116
-22.6697
-20.692
-18.8637
-17.1701
-15.5953
-14.1501
-12.8093
-11.5674
-10.1884
-8.45982
-8.83194
-9.37863
-9.06238
-8.35482
-22.8323
-22.9847
-23.6493
-20.2429
-21.0029
-22.4486
-22.5119
-22.7428
-22.9464
-22.8088
-0.32587
-0.339596
-0.530862
-0.757171
-1.22649
-1.79417
-2.40944
-3.01372
-3.59938
-4.12231
-4.85298
-5.44731
-23.23
-23.7091
-23.5116
-6.01915
-6.78454
-7.64832
-23.6311
-24.6331
-19.6518
-17.8005
-16.1125
-14.5905
-13.1989
-11.9291
-10.7298
-9.62493
-21.6894
-23.9408
-26.4131
-29.5136
-29.6799
-29.6902
-29.5824
-29.4515
-29.2825
-29.1201
-28.9556
-28.6164
-28.5896
-29.0732
-25.7815
-26.0354
-25.165
-26.7817
-27.1112
-8.10277
-7.53229
-7.95627
-8.0029
-8.61704
-23.3422
-23.6431
-23.6493
-20.2429
-21.0029
-22.4486
-22.5119
-22.7428
-22.9464
-22.8088
-0.32587
-0.339596
-0.530862
-0.757171
-1.22649
-1.79417
-2.40944
-3.01372
-3.59938
-4.12231
-4.85298
-5.44731
-23.23
-23.7091
-23.5116
-6.01915
-6.78454
-7.64832
-23.6311
-24.6331
-29.2825
-29.1201
-28.9556
-28.6164
-28.5896
-25.7815
-26.0354
-25.165
-26.7817
-27.1112
-29.4515
-29.5824
-29.6902
-29.5136
-29.6799
-29.0732
-26.4131
-23.9408
-21.6894
-19.6518
-17.8005
-16.1125
-14.5905
-13.1989
-11.9291
-10.7298
-9.62493
-8.10277
-7.53229
-7.95627
-8.0029
-8.61704
-23.3422
-23.6431
-24.0987
-23.991
-21.4367
-22.7492
-22.9942
-23.2315
-23.7014
-23.0187
-0.257045
-0.474788
-0.837304
-1.31072
-1.84133
-2.39552
-2.90909
-3.50323
-4.01317
-4.68871
-5.36333
-23.7027
-24.2207
-24.3722
-5.90878
-6.5314
-7.42908
-24.4027
-20.4498
-18.4107
-16.5893
-14.9683
-13.5352
-12.2274
-11.0619
-10.0084
-9.01457
-22.7525
-25.3628
-28.2776
-31.839
-31.8629
-31.6966
-31.4247
-31.092
-30.7823
-30.477
-30.1852
-29.8198
-29.3511
-29.9829
-27.4499
-31.4406
-25.564
-24.8509
-26.2561
-26.7816
-27.3848
-7.24273
-6.85011
-7.09925
-6.84881
-7.83707
-8.11976
-23.6361
-24.1965
-24.0987
-23.991
-21.4367
-22.7492
-22.9942
-23.2315
-23.7014
-23.0187
-0.257045
-0.474788
-0.837304
-1.31072
-1.84133
-2.39552
-2.90909
-3.50323
-4.01317
-4.68871
-5.36333
-23.7027
-24.2207
-24.3722
-5.90878
-6.5314
-7.42908
-24.4027
-30.7823
-30.477
-30.1852
-29.8198
-29.3511
-29.9829
-27.4499
-25.564
-24.8509
-26.2561
-26.7816
-27.3848
-31.092
-31.4247
-31.6966
-31.839
-31.8629
-31.4406
-28.2776
-25.3628
-22.7525
-20.4498
-18.4107
-16.5893
-14.9683
-13.5352
-12.2274
-11.0619
-10.0084
-9.01457
-7.24273
-6.85011
-7.09925
-6.84881
-7.83707
-8.11976
-23.6361
-24.1965
-24.33
-21.8216
-23.157
-23.3932
-23.6633
-24.0717
-23.639
-0.194233
-0.44221
-0.868601
-1.34984
-1.82942
-2.32905
-2.84431
-3.40811
-3.91199
-4.53654
-5.19123
-24.2315
-24.7238
-24.6948
-5.67096
-6.69418
-21.273
-19.0048
-17.0114
-15.2616
-13.7641
-12.4412
-11.2939
-10.2829
-9.3238
-8.3819
-23.9118
-26.9782
-30.5033
-34.686
-34.4424
-33.9761
-33.4453
-32.8727
-32.3692
-31.9104
-31.4731
-31.0335
-30.5916
-30.2241
-30.6767
-29.0982
-28.5519
-28.3525
-34.3544
-25.6805
-25.0487
-26.2105
-26.8393
-27.5104
-6.1089
-6.55092
-5.72152
-6.92951
-7.29308
-7.55845
-24.1203
-23.9338
-24.8078
-24.33
-21.8216
-23.157
-23.3932
-23.6633
-24.0717
-23.639
-0.194233
-0.44221
-0.868601
-1.34984
-1.82942
-2.32905
-2.84431
-3.40811
-3.91199
-4.53654
-5.19123
-24.2315
-24.7238
-24.6948
-5.67096
-6.69418
-32.3692
-31.9104
-31.4731
-31.0335
-30.5916
-30.2241
-30.6767
-29.0982
-28.5519
-28.3525
-25.6805
-25.0487
-26.2105
-26.8393
-27.5104
-32.8727
-33.4453
-33.9761
-34.686
-34.4424
-30.5033
-34.3544
-26.9782
-23.9118
-21.273
-19.0048
-17.0114
-15.2616
-13.7641
-12.4412
-11.2939
-10.2829
-9.3238
-8.3819
-6.1089
-6.55092
-5.72152
-6.92951
-7.29308
-7.55845
-24.1203
-23.9338
-24.8078
-24.728
-22.1586
-23.673
-23.5791
-24.0862
-24.2395
-0.129447
-0.350339
-0.869852
-1.41428
-1.70858
-2.27779
-2.74439
-3.31649
-3.7992
-4.40476
-5.02124
-24.7883
-25.2703
-5.42942
-22.1205
-19.539
-17.3184
-15.4107
-13.8816
-12.5718
-11.4376
-10.4626
-9.53538
-8.59596
-7.74586
-25.1559
-28.8495
-33.2545
-38.2553
-37.6038
-36.6413
-35.7409
-34.8419
-34.0654
-33.4202
-32.8296
-32.3186
-31.7952
-31.366
-31.0828
-29.8716
-31.3025
-29.1278
-28.7552
-28.073
-38.1506
-25.8438
-26.2561
-26.7945
-27.3908
-5.33973
-5.80098
-6.15536
-6.5359
-6.80443
-6.85356
-24.8883
-24.5356
-25.0484
-24.728
-22.1586
-23.673
-23.5791
-24.0862
-24.2395
-0.129447
-0.350339
-0.869852
-1.41428
-1.70858
-2.27779
-2.74439
-3.31649
-3.7992
-4.40476
-5.02124
-24.7883
-25.2703
-5.42942
-34.0654
-33.4202
-32.8296
-32.3186
-31.7952
-31.366
-31.0828
-29.8716
-31.3025
-29.1278
-28.7552
-28.073
-25.8438
-26.2561
-26.7945
-27.3908
-34.8419
-35.7409
-36.6413
-38.2553
-37.6038
-33.2545
-28.8495
-38.1506
-25.1559
-22.1205
-19.539
-17.3184
-15.4107
-13.8816
-12.5718
-11.4376
-10.4626
-9.53538
-8.59596
-7.74586
-5.33973
-5.80098
-6.15536
-6.5359
-6.80443
-6.85356
-24.8883
-24.5356
-25.0484
-25.2035
-22.4443
-24.1057
-23.9816
-24.4373
-24.686
-0.0345561
-0.243546
-0.921799
-1.56812
-1.95175
-2.19632
-2.65097
-3.2017
-3.65919
-4.26571
-4.86361
-25.432
-22.9278
-20.1582
-17.328
-15.3097
-13.9347
-12.6297
-11.4872
-10.5129
-9.62904
-8.82728
-8.21615
-7.01972
-26.4489
-31.0655
-36.8611
-42.9512
-41.6954
-39.952
-38.3641
-37.0167
-35.8704
-35.022
-34.2784
-33.6387
-32.9956
-32.4438
-32.0338
-31.3566
-29.7228
-30.2386
-31.7885
-29.1265
-28.5879
-27.8986
-43.5934
-26.1672
-26.2054
-26.788
-27.3168
-4.72054
-5.12737
-5.47593
-5.7667
-5.77277
-6.41616
-6.36228
-25.2824
-25.0408
-25.3801
-25.2035
-22.4443
-24.1057
-23.9816
-24.4373
-24.686
-0.0345561
-0.243546
-0.921799
-1.56812
-1.95175
-2.19632
-2.65097
-3.2017
-3.65919
-4.26571
-4.86361
-25.432
-35.8704
-35.022
-34.2784
-33.6387
-32.9956
-32.4438
-32.0338
-31.3566
-29.7228
-30.2386
-31.7885
-29.1265
-28.5879
-27.8986
-26.1672
-26.2054
-26.788
-27.3168
-37.0167
-38.3641
-39.952
-42.9512
-41.6954
-36.8611
-31.0655
-26.4489
-43.5934
-22.9278
-20.1582
-17.328
-15.3097
-13.9347
-12.6297
-11.4872
-10.5129
-9.62904
-8.82728
-8.21615
-7.01972
-4.72054
-5.12737
-5.47593
-5.7667
-5.77277
-6.41616
-6.36228
-25.2824
-25.0408
-25.3801
-26.1134
-22.3581
-23.0838
-24.5995
-24.6436
-24.8539
-25.1539
0.0459342
-0.0188585
-0.406068
-1.18894
-1.45178
-2.12663
-2.5559
-3.08679
-3.53569
-4.11361
-23.4253
-20.4361
-18.6734
-15.2379
-14.1059
-12.588
-11.4331
-10.4649
-9.60802
-8.77909
-7.95584
-7.37877
-7.23168
-6.07833
-27.6457
-33.8125
-42.0644
-50.1043
-46.6254
-44.6392
-41.211
-39.441
-37.8421
-36.7019
-35.7836
-34.9889
-34.2153
-33.504
-33.033
-33.096
-31.6687
-29.8995
-30.1303
-30.5919
-31.5449
-31.8955
-28.3793
-28.7367
-27.8205
-53.5444
-25.3988
-26.7221
-26.6482
-27.2912
-4.52254
-4.88457
-5.25625
-5.88166
-5.73677
-5.07916
-6.23375
-25.5633
-26.1121
-26.1134
-22.3581
-23.0838
-24.5995
-24.6436
-24.8539
-25.1539
0.0459342
-0.0188585
-0.406068
-1.18894
-1.45178
-2.12663
-2.5559
-3.08679
-3.53569
-4.11361
-37.8421
-36.7019
-35.7836
-34.9889
-34.2153
-33.504
-33.033
-33.096
-31.6687
-29.8995
-30.1303
-30.5919
-31.5449
-31.8955
-28.3793
-28.7367
-27.8205
-25.3988
-26.7221
-26.6482
-27.2912
-39.441
-41.211
-44.6392
-50.1043
-46.6254
-42.0644
-33.8125
-27.6457
-23.4253
-53.5444
-20.4361
-18.6734
-15.2379
-14.1059
-12.588
-11.4331
-10.4649
-9.60802
-8.77909
-7.95584
-7.37877
-7.23168
-6.07833
-4.52254
-4.88457
-5.25625
-5.88166
-5.73677
-5.07916
-6.23375
-25.5633
-26.1121
-26.4002
-26.2588
-23.4672
-24.8098
-25.0455
-25.2553
-25.5637
0.0683591
-0.658104
-0.71683
-1.20454
-0.989201
-1.74727
-2.06473
-2.48323
-2.98669
-3.40836
-3.95631
-23.2889
-19.9795
-17.141
-16.2044
-13.779
-13.2099
-12.1675
-11.187
-10.316
-9.53485
-8.70536
-7.86771
-6.80795
-6.87768
-5.44179
-5.84253
-5.74677
-28.4943
-37.7194
-52.6992
-61.7447
-54.062
-48.4769
-46.1526
-41.9932
-40.0037
-38.4532
-37.236
-36.3903
-35.5144
-34.6018
-33.9485
-33.3637
-33.2279
-30.3956
-28.717
-30.7571
-30.6725
-33.4807
-32.4465
-32.3059
-28.2824
-28.651
-27.8249
-61.0996
-26.0344
-26.3007
-27.2983
-27.4169
-4.30826
-4.64274
-4.94161
-4.80021
-4.95669
-5.00466
-25.9782
-26.417
-26.4002
-26.2588
-23.4672
-24.8098
-25.0455
-25.2553
-25.5637
0.0683591
-0.658104
-0.71683
-1.20454
-0.989201
-1.74727
-2.06473
-2.48323
-2.98669
-3.40836
-3.95631
-40.0037
-38.4532
-37.236
-36.3903
-35.5144
-34.6018
-33.9485
-33.3637
-33.2279
-30.3956
-28.717
-30.7571
-30.6725
-33.4807
-32.4465
-32.3059
-28.2824
-28.651
-27.8249
-26.0344
-26.3007
-27.2983
-27.4169
-41.9932
-46.1526
-48.4769
-61.7447
-54.062
-52.6992
-37.7194
-28.4943
-23.2889
-19.9795
-61.0996
-17.141
-16.2044
-13.779
-13.2099
-12.1675
-11.187
-10.316
-9.53485
-8.70536
-7.86771
-6.80795
-6.87768
-5.44179
-5.84253
-5.74677
-4.30826
-4.64274
-4.94161
-4.80021
-4.95669
-5.00466
-25.9782
-26.417
-26.632
-23.825
-25.107
-25.4025
-25.6097
-25.9724
-0.08269
-0.0186012
-0.51279
-0.989413
-1.425
-1.59378
-2.01414
-2.39212
-2.89066
-3.23297
-3.76263
-21.4664
-19.0508
-17.0611
-15.8117
-13.1163
-12.4179
-11.6226
-10.8023
-10.0397
-9.35336
-8.61319
-7.8996
-7.21616
-7.02062
-5.07414
-4.87574
-4.76432
-5.76146
-5.72953
-5.18105
-24.7851
-36.6538
-59.8596
-61.1804
-63.5483
-55.853
-50.0398
-47.7011
-45.3711
-42.3644
-40.314
-38.7715
-37.4748
-37.2008
-35.6267
-35.0208
-34.3043
-33.1558
-34.5494
-29.3362
-29.6074
-30.7835
-29.3813
-31.2368
-31.2241
-33.2083
-33.0434
-32.561
-32.0154
-28.2892
-28.757
-27.8777
-75.363
-26.5164
-26.8827
-27.5198
-4.09655
-4.39955
-4.60366
-4.62085
-4.40545
-26.3604
-26.632
-23.825
-25.107
-25.4025
-25.6097
-25.9724
-0.08269
-0.0186012
-0.51279
-0.989413
-1.425
-1.59378
-2.01414
-2.39212
-2.89066
-3.23297
-3.76263
-42.3644
-40.314
-38.7715
-37.4748
-37.2008
-35.6267
-35.0208
-34.3043
-33.1558
-34.5494
-29.3362
-29.6074
-30.7835
-29.3813
-31.2368
-31.2241
-33.2083
-33.0434
-32.561
-32.0154
-28.2892
-28.757
-27.8777
-26.5164
-26.8827
-27.5198
-45.3711
-47.7011
-50.0398
-55.853
-61.1804
-63.5483
-59.8596
-36.6538
-24.7851
-21.4664
-19.0508
-17.0611
-75.363
-15.8117
-13.1163
-12.4179
-11.6226
-10.8023
-10.0397
-9.35336
-8.61319
-7.8996
-7.21616
-7.02062
-5.07414
-4.87574
-4.76432
-5.76146
-5.72953
-5.18105
-4.09655
-4.39955
-4.60366
-4.62085
-4.40545
-26.3604
-26.9831
-24.1798
-25.4624
-25.7411
-25.9166
-26.4174
-0.053272
0.35226
0.454833
-0.732563
-0.843516
-1.52496
-1.88524
-2.25472
-2.73477
-3.04839
-3.56139
-16.273
-17.3735
-15.0282
-13.8948
-12.4218
-11.4975
-10.9085
-10.2731
-9.65769
-9.05695
-8.40254
-7.84852
-7.52667
-6.91988
-4.26204
-4.21374
-4.25047
-4.55475
-4.70009
-4.6627
-6.1318
-5.54351
-18.6597
-17.1474
-54.7623
-46.0257
-62.2537
-54.2686
-50.3791
-46.6853
-44.4059
-42.2129
-40.4424
-38.8794
-37.5874
-37.6205
-36.0078
-35.3682
-34.8199
-34.5591
-33.3294
-29.5528
-29.5945
-30.2883
-31.4792
-29.1203
-31.7058
-31.9001
-34.6794
-33.5537
-32.9778
-32.4657
-31.9318
-28.2902
-28.6485
-27.8696
-26.6991
-26.9532
-27.3913
-3.87349
-4.13707
-4.11596
-3.87499
-26.9831
-24.1798
-25.4624
-25.7411
-25.9166
-26.4174
-0.053272
0.35226
0.454833
-0.732563
-0.843516
-1.52496
-1.88524
-2.25472
-2.73477
-3.04839
-3.56139
-44.4059
-42.2129
-40.4424
-38.8794
-37.5874
-37.6205
-36.0078
-35.3682
-34.8199
-34.5591
-33.3294
-29.5528
-29.5945
-30.2883
-31.4792
-29.1203
-31.7058
-31.9001
-34.6794
-33.5537
-32.9778
-32.4657
-31.9318
-28.2902
-28.6485
-27.8696
-26.6991
-26.9532
-27.3913
-46.6853
-54.2686
-50.3791
-62.2537
-54.7623
-46.0257
-17.1474
-18.6597
-16.273
-17.3735
-15.0282
-13.8948
-12.4218
-11.4975
-10.9085
-10.2731
-9.65769
-9.05695
-8.40254
-7.84852
-7.52667
-6.91988
-4.26204
-4.21374
-4.25047
-4.55475
-4.70009
-4.6627
-6.1318
-5.54351
-3.87349
-4.13707
-4.11596
-3.87499
-27.2762
-24.5056
-25.8624
-26.052
-26.1471
-26.9313
-0.157848
-0.268164
-1.11006
-0.76246
-1.45375
-1.36778
-1.81206
-2.13117
-2.56451
-2.88009
-3.36072
-6.05387
-9.31432
-12.7234
-13.7723
-12.1435
-10.3818
-10.0064
-9.86873
-9.52329
-9.10343
-8.62275
-8.07622
-7.52044
-6.8733
-5.81749
-5.53272
-3.71629
-4.02598
-4.34961
-3.67071
-3.97119
-4.22631
-4.42826
-4.72697
-5.27532
-4.29295
-4.38636
-6.67694
-80.4638
-45.2006
-50.8421
-53.815
-49.8502
-47.9989
-45.5302
-43.7028
-41.985
-40.5141
-39.3284
-37.9894
-37.3171
-37.5303
-36.3317
-35.6566
-34.8923
-34.735
-34.9088
-29.4176
-29.668
-29.5789
-31.0792
-30.9745
-29.0386
-30.8752
-33.9273
-33.8317
-33.321
-32.8967
-32.4833
-32.0575
-28.2182
-28.5756
-27.8065
-26.7941
-27.4167
-3.65744
-3.64227
-3.41345
-27.2762
-24.5056
-25.8624
-26.052
-26.1471
-26.9313
-0.157848
-0.268164
-1.11006
-0.76246
-1.45375
-1.36778
-1.81206
-2.13117
-2.56451
-2.88009
-3.36072
-45.5302
-43.7028
-41.985
-40.5141
-39.3284
-37.9894
-37.3171
-37.5303
-36.3317
-35.6566
-34.8923
-34.735
-34.9088
-29.4176
-29.668
-29.5789
-31.0792
-30.9745
-29.0386
-30.8752
-33.9273
-33.8317
-33.321
-32.8967
-32.4833
-32.0575
-28.2182
-28.5756
-27.8065
-26.7941
-27.4167
-47.9989
-53.815
-49.8502
-50.8421
-80.4638
-45.2006
-6.67694
-9.31432
-6.05387
-12.7234
-13.7723
-12.1435
-10.3818
-10.0064
-9.86873
-9.52329
-9.10343
-8.62275
-8.07622
-7.52044
-6.8733
-5.81749
-5.53272
-3.71629
-4.02598
-4.34961
-3.67071
-3.97119
-4.22631
-4.42826
-4.72697
-5.27532
-4.29295
-4.38636
-3.65744
-3.64227
-3.41345
-27.6465
-24.7524
-26.3568
-26.0424
-26.2546
-27.2655
0.0701052
-0.104395
0.467625
-0.690186
-0.911548
-1.66152
-1.70421
-2.01744
-2.44473
-2.74346
-3.18779
-3.72466
-1.2524
-5.92651
-8.28938
-10.1207
-8.42636
-7.95254
-8.52967
-8.62049
-8.5634
-8.34552
-8.00561
-7.62712
-7.24694
-6.75924
-6.25676
-5.78112
-3.84797
-3.06195
-3.92087
-3.01931
-3.75693
-3.68506
-3.56228
-4.13361
-4.18243
-4.2451
-4.16808
-5.39801
-5.20676
-50.3128
-47.4477
-45.617
-47.4754
-46.1588
-44.5784
-43.1886
-41.7576
-40.5081
-39.5877
-38.8708
-37.7642
-37.1473
-36.4635
-35.9016
-34.9027
-35.9233
-29.4035
-29.6617
-30.416
-30.4252
-30.059
-31.8007
-31.9119
-29.0297
-34.1095
-33.8789
-33.5536
-33.1791
-32.774
-32.7314
-32.3327
-28.1693
-28.2699
-27.8638
-27.158
-3.24522
-2.98138
-27.6465
-24.7524
-26.3568
-26.0424
-26.2546
-27.2655
0.0701052
-0.104395
0.467625
-0.690186
-0.911548
-1.66152
-1.70421
-2.01744
-2.44473
-2.74346
-3.18779
-46.1588
-44.5784
-43.1886
-41.7576
-40.5081
-39.5877
-38.8708
-37.7642
-37.1473
-36.4635
-35.9016
-34.9027
-35.9233
-29.4035
-29.6617
-30.416
-30.4252
-30.059
-31.8007
-31.9119
-29.0297
-34.1095
-33.8789
-33.5536
-33.1791
-32.774
-32.7314
-32.3327
-28.1693
-28.2699
-27.8638
-27.158
-47.4754
-47.4477
-45.617
-50.3128
-3.72466
-1.2524
-5.92651
-8.28938
-10.1207
-8.42636
-7.95254
-8.52967
-8.62049
-8.5634
-8.34552
-8.00561
-7.62712
-7.24694
-6.75924
-6.25676
-5.78112
-3.84797
-3.06195
-3.92087
-3.01931
-3.75693
-3.68506
-3.56228
-4.13361
-4.18243
-4.2451
-4.16808
-5.39801
-5.20676
-3.24522
-2.98138
-28.1267
-24.9683
-26.7337
-26.69
-26.7202
-26.7654
-27.6514
-0.245508
-0.341243
-1.01234
-0.0968284
-0.982942
-1.07377
-1.61348
-2.01155
-2.21406
-2.54278
-1.85689
-4.53344
-7.98584
-5.88171
-5.33793
-6.71679
-7.27506
-7.42202
-7.3806
-7.31955
-6.97313
-6.78079
-6.57871
-6.03392
-5.12726
-2.96889
-2.39764
-3.31838
-2.21663
-3.12446
-2.91581
-3.43638
-3.66911
-3.51235
-3.48291
-3.69772
-3.84875
-4.34003
-4.95622
-4.44444
-3.99372
-50.6714
-49.3764
-43.7943
-45.8418
-44.5015
-44.0541
-42.8339
-41.5226
-40.322
-40.014
-38.8181
-37.774
-36.8632
-36.7419
-35.2683
-36.4074
-29.6191
-29.6851
-29.6705
-30.0416
-30.6804
-30.7874
-31.7928
-31.4708
-28.5145
-35.1986
-34.4332
-33.8816
-33.4899
-33.0002
-32.3809
-32.0412
-31.6605
-28.4513
-28.4601
-27.7713
-2.74568
-28.1267
-24.9683
-26.7337
-26.69
-26.7202
-26.7654
-27.6514
-0.245508
-0.341243
-1.01234
-0.0968284
-0.982942
-1.07377
-1.61348
-2.01155
-2.21406
-2.54278
-45.8418
-44.5015
-44.0541
-42.8339
-41.5226
-40.322
-40.014
-38.8181
-37.774
-36.8632
-36.7419
-35.2683
-36.4074
-29.6191
-29.6851
-29.6705
-30.0416
-30.6804
-30.7874
-31.7928
-31.4708
-28.5145
-35.1986
-34.4332
-33.8816
-33.4899
-33.0002
-32.3809
-32.0412
-31.6605
-28.4513
-28.4601
-27.7713
-43.7943
-50.6714
-49.3764
-1.85689
-4.53344
-7.98584
-5.88171
-5.33793
-6.71679
-7.27506
-7.42202
-7.3806
-7.31955
-6.97313
-6.78079
-6.57871
-6.03392
-5.12726
-2.96889
-2.39764
-3.31838
-2.21663
-3.12446
-2.91581
-3.43638
-3.66911
-3.51235
-3.48291
-3.69772
-3.84875
-4.34003
-4.95622
-4.44444
-3.99372
-2.74568
-28.9236
-24.7018
-25.3792
-27.1405
-27.2066
-27.145
-27.2388
-27.6411
-0.0200458
-0.696705
-0.816582
-0.650801
-1.14187
-0.699897
-1.27599
-1.14292
-1.72459
-2.39496
-2.34901
-1.40413
-3.52833
-3.28266
-3.03651
-4.48814
-5.73671
-6.19782
-6.41562
-6.13867
-5.97667
-6.15759
-5.45811
-6.06277
-4.7881
-2.57946
-2.66035
-2.55333
-2.56619
-2.62646
-2.54038
-2.6488
-2.89185
-3.14326
-3.63924
-2.56057
-3.069
-3.12804
-3.34391
-3.49431
-3.40677
-4.35817
-3.34722
-4.01379
-3.00352
-47.6166
-41.865
-44.1046
-44.1518
-43.7133
-42.5277
-41.25
-40.9379
-39.848
-38.7032
-37.5948
-36.4731
-36.4655
-35.7671
-36.6261
-36.0956
-28.8457
-28.8052
-30.5843
-30.5662
-30.2163
-31.213
-31.3109
-31.2305
-31.5943
-31.4497
-29.1015
-34.6292
-34.6738
-34.25
-33.854
-33.4916
-33.2261
-33.1533
-32.8023
-32.769
-32.1674
-28.101
-28.674
-28.4341
-28.9236
-24.7018
-25.3792
-27.1405
-27.2066
-27.145
-27.2388
-27.6411
-0.0200458
-0.696705
-0.816582
-0.650801
-1.14187
-0.699897
-1.27599
-1.14292
-1.72459
-2.39496
-2.34901
-41.865
-44.1046
-44.1518
-43.7133
-42.5277
-41.25
-40.9379
-39.848
-38.7032
-37.5948
-36.4731
-36.4655
-35.7671
-36.6261
-36.0956
-28.8457
-28.8052
-30.5843
-30.5662
-30.2163
-31.213
-31.3109
-31.2305
-31.5943
-31.4497
-29.1015
-34.6292
-34.6738
-34.25
-33.854
-33.4916
-33.2261
-33.1533
-32.8023
-32.769
-32.1674
-28.101
-28.674
-28.4341
-47.6166
-1.40413
-3.52833
-3.28266
-3.03651
-4.48814
-5.73671
-6.19782
-6.41562
-6.13867
-5.97667
-6.15759
-5.45811
-6.06277
-4.7881
-2.57946
-2.66035
-2.55333
-2.56619
-2.62646
-2.54038
-2.6488
-2.89185
-3.14326
-3.63924
-2.56057
-3.069
-3.12804
-3.34391
-3.49431
-3.40677
-4.35817
-3.34722
-4.01379
-3.00352
-29.184
-28.9365
-25.7371
-27.1745
-27.2996
-27.4798
-27.6044
-27.6942
-0.394475
-0.119486
-0.818263
-0.685137
-0.956317
-1.68534
-1.40845
-1.85239
-1.43428
-1.74538
-2.17433
-1.36673
-1.41893
-1.42588
-2.90491
-3.88775
-4.80563
-5.32652
-6.16144
-5.51647
-5.97304
-5.61396
-5.69509
-4.90707
-2.35247
-2.10418
-2.21678
-2.41977
-2.38229
-2.21557
-2.36193
-2.47736
-2.52301
-2.5147
-2.24968
-2.92078
-3.23251
-2.96192
-3.11698
-3.09877
-2.94011
-3.71899
-3.75251
-4.28666
-3.20446
-46.0832
-39.204
-38.1979
-44.2826
-44.6725
-43.5632
-42.2771
-41.4374
-40.8623
-39.6723
-38.5463
-37.8446
-34.4793
-36.3923
-36.82
-37.7202
-37.1593
-29.2338
-29.7066
-29.9237
-29.6444
-30.2422
-30.9753
-30.3918
-30.2964
-30.7924
-31.7916
-31.5047
-28.8803
-35.0122
-35.6841
-34.5688
-34.1381
-33.7633
-33.4347
-33.1466
-32.5305
-32.348
-32.1748
-32.1
-28.3927
-28.1005
-28.3908
-29.184
-28.9365
-25.7371
-27.1745
-27.2996
-27.4798
-27.6044
-27.6942
-0.394475
-0.119486
-0.818263
-0.685137
-0.956317
-1.68534
-1.40845
-1.85239
-1.43428
-1.74538
-2.17433
-46.0832
-39.204
-38.1979
-44.2826
-44.6725
-43.5632
-42.2771
-41.4374
-40.8623
-39.6723
-38.5463
-37.8446
-34.4793
-36.3923
-36.82
-37.7202
-37.1593
-29.2338
-29.7066
-29.9237
-29.6444
-30.2422
-30.9753
-30.3918
-30.2964
-30.7924
-31.7916
-31.5047
-28.8803
-35.0122
-35.6841
-34.5688
-34.1381
-33.7633
-33.4347
-33.1466
-32.5305
-32.348
-32.1748
-32.1
-28.3927
-28.1005
-28.3908
-1.36673
-1.41893
-1.42588
-2.90491
-3.88775
-4.80563
-5.32652
-6.16144
-5.51647
-5.97304
-5.61396
-5.69509
-4.90707
-2.35247
-2.10418
-2.21678
-2.41977
-2.38229
-2.21557
-2.36193
-2.47736
-2.52301
-2.5147
-2.24968
-2.92078
-3.23251
-2.96192
-3.11698
-3.09877
-2.94011
-3.71899
-3.75251
-4.28666
-3.20446
-29.2504
-26.0652
-26.3334
-27.5078
-27.8221
-28.2564
-0.39672
-0.388244
-0.546033
-0.61004
-0.901186
-0.748413
-1.25032
-1.33317
-1.53319
-1.91594
-2.02315
-1.8514
-2.88032
-2.75337
-3.79435
-4.01545
-5.2148
-3.78135
-4.9571
-5.14466
-4.1461
-4.28345
-1.78441
-1.9477
-2.14566
-2.08388
-2.16238
-1.9249
-2.06634
-2.13158
-2.1779
-2.22053
-2.19522
-2.39444
-2.56024
-2.38587
-2.83456
-2.75563
-2.67204
-2.72077
-4.01714
-3.20609
-2.78915
-3.72356
-2.84956
-42.5581
-36.3959
-36.2297
-48.2253
-44.0272
-44.2317
-42.4325
-41.1031
-40.9851
-39.074
-38.3656
-37.067
-34.9979
-35.4742
-36.7626
-38.0096
-37.6737
-29.1845
-29.3566
-29.9299
-29.8034
-30.3846
-30.0486
-31.4415
-30.4494
-30.9581
-31.3301
-31.8089
-31.6306
-28.686
-34.6539
-35.0491
-34.9838
-34.2836
-33.9208
-33.6028
-33.2672
-32.9105
-32.5993
-32.1401
-32.3182
-32.2284
-28.5086
-28.3357
-28.4655
-29.2504
-26.0652
-26.3334
-27.5078
-27.8221
-28.2564
-0.39672
-0.388244
-0.546033
-0.61004
-0.901186
-0.748413
-1.25032
-1.33317
-1.53319
-1.91594
-2.02315
-42.5581
-36.3959
-36.2297
-48.2253
-44.0272
-44.2317
-42.4325
-41.1031
-40.9851
-39.074
-38.3656
-37.067
-34.9979
-35.4742
-36.7626
-38.0096
-37.6737
-29.1845
-29.3566
-29.9299
-29.8034
-30.3846
-30.0486
-31.4415
-30.4494
-30.9581
-31.3301
-31.8089
-31.6306
-28.686
-34.6539
-35.0491
-34.9838
-34.2836
-33.9208
-33.6028
-33.2672
-32.9105
-32.5993
-32.1401
-32.3182
-32.2284
-28.5086
-28.3357
-28.4655
-1.8514
-2.88032
-2.75337
-3.79435
-4.01545
-5.2148
-3.78135
-4.9571
-5.14466
-4.1461
-4.28345
-1.78441
-1.9477
-2.14566
-2.08388
-2.16238
-1.9249
-2.06634
-2.13158
-2.1779
-2.22053
-2.19522
-2.39444
-2.56024
-2.38587
-2.83456
-2.75563
-2.67204
-2.72077
-4.01714
-3.20609
-2.78915
-3.72356
-2.84956
-29.6023
-29.8217
-26.5669
-27.7162
-28.104
-0.263911
-0.429957
-0.610249
-0.822238
-0.852827
-1.17062
-1.15115
-1.39978
-1.7117
-2.57337
-3.93024
-2.65943
-4.1514
-2.97086
-4.6458
-3.61964
-4.07408
-4.22706
-4.45665
-3.78646
-1.4905
-1.63572
-1.87359
-1.94659
-1.67802
-1.92827
-1.77931
-1.8497
-1.747
-1.87791
-1.93902
-2.00471
-2.11057
-2.2874
-2.48551
-2.19362
-2.05114
-2.20906
-2.29255
-2.34626
-3.17699
-2.91704
-2.8195
-2.54427
-2.32319
-2.3169
-25.8004
-23.398
-45.8664
-44.3014
-42.4904
-43.8807
-42.3245
-40.7356
-40.6809
-38.7073
-35.8553
-35.3685
-35.9377
-36.1765
-37.4573
-38.538
-38.0409
-28.921
-29.0925
-29.4209
-29.3535
-30.1272
-30.2388
-31.3848
-30.7346
-30.6039
-30.9386
-31.9827
-31.4735
-28.7103
-34.6215
-34.3169
-34.9054
-35.1856
-34.0123
-33.7428
-33.4651
-33.1721
-32.9211
-32.624
-32.2447
-31.7353
-31.5041
-28.7124
-28.5226
-28.3247
-29.6023
-29.8217
-26.5669
-27.7162
-28.104
-0.263911
-0.429957
-0.610249
-0.822238
-0.852827
-1.17062
-1.15115
-1.39978
-1.7117
-25.8004
-23.398
-45.8664
-44.3014
-42.4904
-43.8807
-42.3245
-40.7356
-40.6809
-38.7073
-35.8553
-35.3685
-35.9377
-36.1765
-37.4573
-38.538
-38.0409
-28.921
-29.0925
-29.4209
-29.3535
-30.1272
-30.2388
-31.3848
-30.7346
-30.6039
-30.9386
-31.9827
-31.4735
-28.7103
-34.6215
-34.3169
-34.9054
-35.1856
-34.0123
-33.7428
-33.4651
-33.1721
-32.9211
-32.624
-32.2447
-31.7353
-31.5041
-28.7124
-28.5226
-28.3247
-2.57337
-3.93024
-2.65943
-4.1514
-2.97086
-4.6458
-3.61964
-4.07408
-4.22706
-4.45665
-3.78646
-1.4905
-1.63572
-1.87359
-1.94659
-1.67802
-1.92827
-1.77931
-1.8497
-1.747
-1.87791
-1.93902
-2.00471
-2.11057
-2.2874
-2.48551
-2.19362
-2.05114
-2.20906
-2.29255
-2.34626
-3.17699
-2.91704
-2.8195
-2.54427
-2.32319
-2.3169
-30.0701
-26.7691
-27.9528
-0.141176
-0.282531
-0.503707
-0.381414
-0.918874
-1.18386
-1.37699
-1.26132
-1.521
-2.28361
-1.34749
-1.98255
-2.60328
-1.96157
-3.60786
-4.01246
-3.49306
-3.45641
-2.85159
-3.51306
-2.47843
-1.34135
-1.06687
-1.98702
-1.27447
-1.94952
-1.49351
-0.900702
-1.54876
-1.57271
-1.53015
-1.61266
-1.67111
-1.78269
-1.88089
-2.0527
-2.50367
-1.2206
-1.78518
-1.63466
-1.87018
-2.0056
-2.07872
-2.56355
-2.31265
-2.8703
-2.25137
-1.73086
-2.03173
-2.3587
-52.0316
-19.2571
-27.4897
-33.2426
-47.7668
-42.0363
-42.1064
-42.5337
-40.8586
-40.201
-39.712
-35.9213
-35.5256
-36.5263
-36.8092
-36.3369
-37.4691
-38.7748
-38.4448
-28.9269
-29.1171
-29.2392
-29.3762
-29.4057
-30.4215
-30.7524
-31.1981
-31.0453
-30.9279
-30.937
-31.2647
-31.349
-28.6121
-34.6153
-34.3227
-34.0803
-35.2708
-35.5704
-33.8501
-33.6587
-33.3746
-33.1627
-32.9363
-32.7058
-32.505
-32.5194
-32.1583
-32.078
-28.9824
-28.5878
-28.2793
-30.0701
-26.7691
-27.9528
-0.141176
-0.282531
-0.503707
-0.381414
-0.918874
-1.18386
-1.37699
-1.26132
-52.0316
-19.2571
-27.4897
-33.2426
-47.7668
-42.0363
-42.1064
-42.5337
-40.8586
-40.201
-39.712
-35.9213
-35.5256
-36.5263
-36.8092
-36.3369
-37.4691
-38.7748
-38.4448
-28.9269
-29.1171
-29.2392
-29.3762
-29.4057
-30.4215
-30.7524
-31.1981
-31.0453
-30.9279
-30.937
-31.2647
-31.349
-28.6121
-34.6153
-34.3227
-34.0803
-35.2708
-35.5704
-33.8501
-33.6587
-33.3746
-33.1627
-32.9363
-32.7058
-32.505
-32.5194
-32.1583
-32.078
-28.9824
-28.5878
-28.2793
-1.521
-2.28361
-1.34749
-1.98255
-2.60328
-1.96157
-3.60786
-4.01246
-3.49306
-3.45641
-2.85159
-3.51306
-2.47843
-1.34135
-1.06687
-1.98702
-1.27447
-1.94952
-1.49351
-0.900702
-1.54876
-1.57271
-1.53015
-1.61266
-1.67111
-1.78269
-1.88089
-2.0527
-2.50367
-1.2206
-1.78518
-1.63466
-1.87018
-2.0056
-2.07872
-2.56355
-2.31265
-2.8703
-2.25137
-1.73086
-2.03173
-2.3587
-30.2985
-26.9874
-0.0389056
-0.125446
0.125247
-0.245129
-0.526318
-0.821605
-0.745473
-1.17365
-2.05881
0.510553
-0.317249
0.327225
-0.927912
-2.73173
-3.09541
-4.69857
-3.61639
-3.11827
-2.93252
-3.44079
-2.27717
-1.64545
-1.10038
-1.77248
-0.899738
-1.6288
-1.33969
-1.55178
-1.76038
-1.27594
-1.27042
-1.3132
-1.28234
-1.34117
-1.36303
-1.40916
-1.38654
-1.26939
-1.01749
-1.50175
-1.93111
-1.29324
-1.74802
-1.47216
-0.921266
-2.32199
-2.20397
-2.64694
-1.62856
-1.72584
-1.09101
-1.28646
-2.405
-24.3058
-17.625
-19.246
-26.5143
-22.4797
-43.9423
-42.0394
-41.8124
-39.8925
-40.0669
-35.8032
-35.5333
-35.8452
-37.8007
-36.5807
-35.7572
-38.051
-39.4879
-38.6376
-28.8173
-29.3502
-29.367
-29.64
-29.8721
-29.7861
-28.8742
-30.7123
-31.1569
-31.2799
-31.1804
-30.9827
-30.7952
-31.7298
-31.7867
-29.184
-34.3122
-34.3547
-34.1632
-33.9093
-34.6166
-34.8624
-33.6924
-33.8258
-33.5225
-33.0415
-32.801
-32.6072
-32.4138
-31.8487
-31.7328
-31.6017
-27.3172
-27.4505
-27.1885
-30.2985
-26.9874
-0.0389056
-0.125446
0.125247
-0.245129
-0.526318
-0.821605
-0.745473
-1.17365
-24.3058
-17.625
-19.246
-26.5143
-22.4797
-43.9423
-42.0394
-41.8124
-39.8925
-40.0669
-35.8032
-35.5333
-35.8452
-37.8007
-36.5807
-35.7572
-38.051
-39.4879
-38.6376
-28.8173
-29.3502
-29.367
-29.64
-29.8721
-29.7861
-28.8742
-30.7123
-31.1569
-31.2799
-31.1804
-30.9827
-30.7952
-31.7298
-31.7867
-29.184
-34.3122
-34.3547
-34.1632
-33.9093
-34.6166
-34.8624
-33.6924
-33.8258
-33.5225
-33.0415
-32.801
-32.6072
-32.4138
-31.8487
-31.7328
-31.6017
-27.3172
-27.4505
-27.1885
-2.05881
0.510553
-0.317249
0.327225
-0.927912
-2.73173
-3.09541
-4.69857
-3.61639
-3.11827
-2.93252
-3.44079
-2.27717
-1.64545
-1.10038
-1.77248
-0.899738
-1.6288
-1.33969
-1.55178
-1.76038
-1.27594
-1.27042
-1.3132
-1.28234
-1.34117
-1.36303
-1.40916
-1.38654
-1.26939
-1.01749
-1.50175
-1.93111
-1.29324
-1.74802
-1.47216
-0.921266
-2.32199
-2.20397
-2.64694
-1.62856
-1.72584
-1.09101
-1.28646
-2.405
-30.5034
0.0638956
0.237354
0.303675
-0.209311
-0.492288
-0.740279
-0.616329
-0.998884
-0.937693
0.0743262
0.607684
-0.91865
-0.457358
-1.73994
-1.66768
-5.37696
-5.94255
-3.28898
-2.33564
-2.39647
-1.85707
-0.482711
-1.30754
-1.16787
-0.854987
-0.890329
-0.78432
-1.28929
-1.06547
-1.02881
-1.04762
-0.966079
-1.06307
-0.970397
-1.06202
-1.02312
-1.04442
-0.970801
-0.957251
-1.31964
-1.4129
-1.49756
-1.1292
-1.01694
-0.811059
-0.428086
-1.29054
-0.710202
-1.38584
-2.24674
-1.61514
-1.39282
-2.07013
-0.969247
-1.044
-44.4247
-13.1631
-14.0282
-19.2401
-17.7388
-44.2437
-41.516
-41.274
-40.1786
-39.2457
-35.3754
-35.7333
-36.1152
-36.3728
-36.2596
-36.9954
-37.4811
-37.2919
-37.8946
-39.0627
-38.5949
-29.4769
-29.4588
-29.5766
-29.7061
-29.7888
-30.0363
-30.1428
-30.0907
-30.6378
-30.998
-30.0604
-31.6297
-31.1378
-30.9492
-30.7633
-31.3202
-31.1503
-27.6842
-27.0073
-35.062
-34.7539
-35.1924
-34.0643
-33.6521
-35.5107
-34.9603
-35.4385
-33.0913
-33.0557
-33.0193
-32.6433
-32.5047
-32.7097
-32.5327
-32.04
-31.8828
-31.876
-30.7203
-30.9891
-31.7294
-30.5034
0.0638956
0.237354
0.303675
-0.209311
-0.492288
-0.740279
-0.616329
-0.998884
-0.937693
-44.4247
-13.1631
-14.0282
-19.2401
-17.7388
-44.2437
-41.516
-41.274
-40.1786
-39.2457
-35.3754
-35.7333
-36.1152
-36.3728
-36.2596
-36.9954
-37.4811
-37.2919
-37.8946
-39.0627
-38.5949
-29.4769
-29.4588
-29.5766
-29.7061
-29.7888
-30.0363
-30.1428
-30.0907
-30.6378
-30.998
-30.0604
-31.6297
-31.1378
-30.9492
-30.7633
-31.3202
-31.1503
-27.6842
-27.0073
-35.062
-34.7539
-35.1924
-34.0643
-33.6521
-35.5107
-34.9603
-35.4385
-33.0913
-33.0557
-33.0193
-32.6433
-32.5047
-32.7097
-32.5327
-32.04
-31.8828
-31.876
-30.7203
-30.9891
-31.7294
0.0743262
0.607684
-0.91865
-0.457358
-1.73994
-1.66768
-5.37696
-5.94255
-3.28898
-2.33564
-2.39647
-1.85707
-0.482711
-1.30754
-1.16787
-0.854987
-0.890329
-0.78432
-1.28929
-1.06547
-1.02881
-1.04762
-0.966079
-1.06307
-0.970397
-1.06202
-1.02312
-1.04442
-0.970801
-0.957251
-1.31964
-1.4129
-1.49756
-1.1292
-1.01694
-0.811059
-0.428086
-1.29054
-0.710202
-1.38584
-2.24674
-1.61514
-1.39282
-2.07013
-0.969247
-1.044
0.177786
-0.491088
-0.333458
-0.494557
-0.508451
-0.339304
-0.659779
-0.776179
-0.809749
-0.865873
-0.888016
-2.02355
-11.8603
-6.38748
-1.44101
-1.55533
-0.806456
-0.903848
-0.902572
-0.880247
-0.809531
-0.869691
-0.847994
-0.957375
-0.817884
-0.703852
-0.716457
-0.72162
-0.689621
-0.746043
-0.73755
-0.762695
-0.768569
-0.675226
-0.540956
-1.01925
-1.08566
-1.37195
-1.1298
-0.491622
-0.435064
-0.961013
-1.28583
-0.817941
-1.61407
-0.465654
-1.01514
-2.11613
-1.28946
-1.78022
-1.1084
-0.865426
-0.591019
-47.692
-16.3996
-28.3579
-38.0554
-40.2391
-39.8695
-35.4917
-35.6271
-35.9643
-36.0077
-36.243
-35.5999
-36.2832
-37.2967
-36.0307
-37.7653
-39.9892
-38.7684
-27.9207
-28.0741
-29.6271
-29.9367
-29.5298
-30.009
-30.0744
-30.4388
-30.0619
-30.3933
-30.741
-30.9645
-31.0006
-31.0277
-30.9539
-31.9832
-31.7275
-31.5222
-31.8391
-31.4179
-34.4509
-34.2386
-34.0008
-34.296
-33.9694
-33.8517
-35.271
-34.675
-35.3512
-33.7328
-33.2643
-33.1322
-32.6804
-32.4991
-32.158
-32.0417
-31.9211
-32.0074
-31.8558
-31.9154
0.177786
-0.491088
-0.333458
-0.494557
-0.508451
-0.339304
-0.659779
-0.776179
-0.809749
-47.692
-16.3996
-28.3579
-38.0554
-40.2391
-39.8695
-35.4917
-35.6271
-35.9643
-36.0077
-36.243
-35.5999
-36.2832
-37.2967
-36.0307
-37.7653
-39.9892
-38.7684
-27.9207
-28.0741
-29.6271
-29.9367
-29.5298
-30.009
-30.0744
-30.4388
-30.0619
-30.3933
-30.741
-30.9645
-31.0006
-31.0277
-30.9539
-31.9832
-31.7275
-31.5222
-31.8391
-31.4179
-34.4509
-34.2386
-34.0008
-34.296
-33.9694
-33.8517
-35.271
-34.675
-35.3512
-33.7328
-33.1322
-33.2643
-32.6804
-32.4991
-32.158
-32.0417
-31.9211
-32.0074
-31.8558
-31.9154
-0.865873
-0.888016
-2.02355
-11.8603
-6.38748
-1.44101
-1.55533
-0.806456
-0.903848
-0.902572
-0.880247
-0.809531
-0.869691
-0.847994
-0.957375
-0.817884
-0.703852
-0.716457
-0.72162
-0.689621
-0.746043
-0.73755
-0.762695
-0.768569
-0.675226
-0.540956
-1.01925
-1.08566
-1.37195
-1.1298
-0.491622
-0.435064
-0.961013
-1.28583
-0.817941
-1.61407
-0.465654
-1.01514
-2.11613
-1.28946
-1.78022
-1.1084
-0.865426
-0.591019
-0.0770059
0.15999
-0.514992
-0.346327
-0.681325
-0.815257
-0.636934
-0.702337
-2.85762
-0.290016
4.57693
0.379332
0.8542
-0.652551
-0.690004
-0.629785
-0.801516
-0.622608
-0.77344
-0.745753
-0.734944
-0.393393
-0.393947
-0.404605
-0.463484
-0.5037
-0.281935
-0.545717
-0.101884
-0.60567
-0.656393
-0.802668
-0.480863
-0.248857
-0.426916
-0.241628
-0.445131
-0.851787
-0.445014
-0.685466
-1.05922
-0.381254
0.47824
-0.0614422
0.138011
0.481413
-0.323693
-0.811226
-0.665635
-1.16806
-1.08069
-0.497002
-0.332197
-0.372834
-23.949
-28.8251
-37.726
-41.6393
-35.3606
-35.2487
-36.0914
-36.244
-36.4532
-36.393
-36.7645
-36.9657
-36.349
-36.1157
-37.1655
-37.1488
-41.1706
-36.269
-31.5172
-31.6364
-28.1803
-28.2276
-30.031
-29.6832
-30.0945
-30.1199
-30.1789
-30.1859
-30.8864
-30.8076
-31.3617
-31.1833
-31.4063
-31.2382
-31.2895
-31.3992
-31.1283
-36.1983
-36.3205
-35.9659
-36.7425
-35.7349
-36.5251
-35.5302
-35.3709
-36.6329
-36.7449
-36.9572
-34.9687
-34.6416
-35.4278
-34.6365
-34.5118
-34.2705
-34.1772
-33.7338
-34.5544
-33.6501
-33.3903
-33.0061
-33.1684
-0.0770059
0.15999
-0.514992
-0.346327
-0.681325
-0.815257
-0.636934
-0.702337
-23.949
-28.8251
-37.726
-41.6393
-35.3606
-35.2487
-36.0914
-36.244
-36.4532
-36.393
-36.7645
-36.9657
-36.349
-36.1157
-37.1655
-37.1488
-41.1706
-36.269
-31.5172
-31.6364
-28.1803
-28.2276
-30.031
-29.6832
-30.0945
-30.1199
-30.1789
-30.1859
-30.8864
-30.8076
-31.3617
-31.1833
-31.4063
-31.2382
-31.2895
-31.3992
-31.1283
-36.1983
-36.3205
-35.9659
-36.7425
-35.7349
-36.5251
-35.5302
-35.3709
-36.6329
-36.7449
-36.9572
-34.9687
-34.6365
-34.6416
-35.4278
-34.5118
-34.2705
-34.1772
-33.7338
-34.5544
-33.6501
-33.3903
-33.0061
-33.1684
-2.85762
-0.290016
4.57693
0.379332
0.8542
-0.652551
-0.690004
-0.629785
-0.801516
-0.622608
-0.77344
-0.745753
-0.734944
-0.393393
-0.393947
-0.404605
-0.463484
-0.5037
-0.281935
-0.545717
-0.101884
-0.60567
-0.656393
-0.802668
-0.480863
-0.248857
-0.426916
-0.241628
-0.445131
-0.851787
-0.445014
-0.685466
-1.05922
-0.381254
0.47824
-0.0614422
0.138011
0.481413
-0.323693
-0.811226
-0.665635
-1.16806
-1.08069
-0.497002
-0.332197
-0.372834
-0.266647
-0.163962
0.395108
0.654905
-0.388668
-0.177558
-0.463044
-0.0720851
2.37754
10.9904
4.0362
2.57707
-0.48787
-0.71697
-0.798182
-0.470926
-0.658101
-0.748321
-0.698037
-0.390207
-0.264009
-0.361074
-0.107058
-0.0110669
-0.18982
-0.268162
-0.28607
0.172126
-0.308893
0.431234
-0.350027
-0.455911
-0.610504
0.348787
-0.0909859
0.206781
0.0267194
-0.372945
-0.0405651
0.276243
0.0400764
0.167287
0.199685
0.339631
-0.671195
-0.612874
-0.835198
-0.71109
1.81223
0.745157
-0.401523
-0.873846
-0.522204
-1.65241
-0.264963
-0.217023
-0.672124
-0.580363
-24.2423
-28.5833
-18.6927
-37.1569
-37.2647
-35.2773
-35.1326
-35.452
-36.4919
-35.694
-36.1177
-35.7126
-36.5302
-35.6294
-35.4007
-36.5782
-34.6615
-29.2876
-30.7351
-31.8095
-32.5669
-27.8344
-28.3922
-30.2024
-30.2118
-30.2133
-29.9193
-30.2673
-30.5768
-30.7611
-30.803
-31.1743
-30.8879
-30.7438
-30.625
-32.8893
-32.6737
-32.7564
-31.2364
-32.0398
-32.4164
-31.561
-31.0596
-31.5275
-32.6796
-31.4118
-31.185
-32.6877
-32.7953
-32.94
-31.0313
-30.6702
-30.0729
-30.1257
-30.6449
-30.3488
-29.5086
-29.7523
-29.2719
-29.6523
-29.4512
-29.3052
-29.313
-0.266647
-0.163962
0.395108
0.654905
-0.388668
-0.177558
-0.463044
-24.2423
-28.5833
-18.6927
-37.1569
-37.2647
-35.2773
-35.1326
-35.452
-36.4919
-35.694
-36.1177
-35.7126
-36.5302
-35.6294
-35.4007
-36.5782
-34.6615
-29.2876
-30.7351
-31.8095
-32.5669
-27.8344
-28.3922
-30.2024
-30.2118
-30.2133
-29.9193
-30.2673
-30.5768
-30.7611
-30.803
-31.1743
-30.8879
-30.7438
-30.625
-32.8893
-32.6737
-32.7564
-31.2364
-32.0398
-32.4164
-31.561
-31.0596
-31.5275
-32.6796
-31.4118
-31.185
-32.6877
-32.7953
-32.94
-31.0313
-30.1257
-30.6702
-30.0729
-30.6449
-30.3488
-29.5086
-29.7523
-29.2719
-29.6523
-29.4512
-29.3052
-29.313
-0.0720851
2.37754
10.9904
4.0362
2.57707
-0.48787
-0.71697
-0.798182
-0.470926
-0.658101
-0.748321
-0.698037
-0.390207
-0.264009
-0.361074
-0.107058
-0.0110669
-0.18982
-0.268162
-0.28607
0.172126
-0.308893
0.431234
-0.350027
-0.455911
-0.610504
0.348787
-0.0909859
0.206781
0.0267194
-0.372945
-0.0405651
0.276243
0.0400764
0.167287
0.199685
0.339631
-0.671195
-0.612874
-0.835198
-0.71109
1.81223
0.745157
-0.401523
-0.873846
-0.522204
-1.65241
-0.264963
-0.217023
-0.672124
-0.580363
-0.15839
-0.22138
-1.25048
0.0397896
-0.396855
1.78869
4.32047
1.99294
-0.218216
-0.350168
-0.698617
-0.372189
-0.850595
-0.530433
-0.578633
-0.446839
-0.682812
-0.264756
0.0943299
0.0619319
0.202855
0.459669
0.536219
0.0518081
-0.0663733
-0.110451
0.353856
-0.199669
-0.453215
-0.208582
0.112114
1.06127
0.376927
-0.807736
0.589688
0.506052
1.36798
0.586919
0.2062
-0.787429
0.589613
0.796427
0.340307
-0.291543
-0.336308
-0.604115
-0.539605
-0.0390372
0.680433
-0.301471
-0.344188
0.0614185
-0.658519
-0.125966
0.161991
0.149815
-0.579229
-0.435398
-0.400136
-17.5007
-19.2963
-48.0598
-32.9188
-32.3332
-38.0396
-37.7009
-37.7724
-37.6043
-38.2732
-35.462
-35.7486
-35.7775
-35.8459
-35.867
-35.7089
-34.3061
-34.7878
-34.9973
-34.8421
-31.8733
-28.5024
-32.6957
-32.7003
-32.1514
-28.5343
-28.632
-30.4177
-30.434
-30.1103
-30.4918
-30.6928
-30.6877
-30.6106
-32.6205
-32.5737
-33.1066
-32.4584
-32.4116
-29.2244
-28.9333
-29.0452
-0.15839
-0.22138
-1.25048
0.0397896
-0.396855
-17.5007
-19.2963
-48.0598
-32.9188
-32.3332
-38.0396
-37.7009
-37.7724
-37.6043
-38.2732
-35.462
-35.7486
-35.7775
-35.8459
-35.867
-35.7089
-34.3061
-34.7878
-34.9973
-34.8421
-31.8733
-28.5024
-32.6957
-32.7003
-32.1514
-28.5343
-28.632
-30.4177
-30.434
-30.1103
-30.4918
-30.6928
-30.6877
-30.6106
-32.6205
-32.5737
-33.1066
-32.4584
-32.4116
-29.2244
-28.9333
-29.0452
1.78869
4.32047
1.99294
-0.218216
-0.350168
-0.698617
-0.372189
-0.850595
-0.530433
-0.578633
-0.446839
-0.682812
-0.264756
0.0943299
0.0619319
0.202855
0.459669
0.536219
0.0518081
-0.0663733
-0.110451
0.353856
-0.199669
-0.453215
-0.208582
0.112114
1.06127
0.376927
-0.807736
0.589688
0.506052
1.36798
0.586919
0.2062
-0.787429
0.589613
0.796427
0.340307
-0.291543
-0.336308
-0.604115
-0.539605
-0.0390372
0.680433
-0.301471
-0.344188
0.0614185
-0.658519
-0.125966
0.161991
0.149815
-0.579229
-0.435398
-0.400136
-0.108987
-0.79011
-0.247398
-0.0305351
1.10418
-0.0887654
0.062248
-0.230671
-0.726163
-0.601263
0.275263
-0.23254
-0.522517
-0.403347
-0.626593
-0.170291
-0.428808
1.36049
0.122041
-0.982608
-0.313575
-0.281538
0.457882
0.618211
1.50445
-0.306463
0.0444308
-0.184233
-0.247379
-1.02013
-0.585172
-0.34428
-0.11756
-0.479919
-0.156912
0.248745
-32.4642
-33.2361
-32.6029
-32.5433
-33.2397
-37.6023
-37.5582
-37.4495
-37.4123
-35.7403
-35.3535
-35.564
-32.7637
-32.4888
-33.056
-33.1446
-34.8258
-32.1589
-32.287
-28.6616
-28.7421
-28.2373
-30.5533
-30.4668
-30.5484
-30.9037
-30.4383
-32.3406
-28.766
-28.1038
-28.1094
-28.7049
-28.7832
-0.108987
-0.79011
-0.247398
-0.0305351
-32.4642
-33.2361
-32.6029
-32.5433
-33.2397
-37.6023
-37.5582
-37.4495
-37.4123
-35.7403
-35.3535
-35.564
-32.7637
-32.4888
-33.056
-33.1446
-34.8258
-32.1589
-32.287
-28.6616
-28.7421
-28.2373
-30.5533
-30.4668
-30.5484
-30.9037
-30.4383
-32.3406
-28.766
-28.1038
-28.1094
-28.7049
-28.7832
1.10418
-0.0887654
0.062248
-0.230671
-0.726163
-0.601263
0.275263
-0.23254
-0.522517
-0.403347
-0.626593
-0.170291
-0.428808
1.36049
0.122041
-0.982608
-0.313575
-0.281538
0.457882
0.618211
1.50445
-0.306463
0.0444308
-0.184233
-0.247379
-1.02013
-0.585172
-0.34428
-0.11756
-0.479919
-0.156912
0.248745
-0.306691
-0.032583
0.13963
0.191313
0.201104
-0.39987
0.0217358
-0.157787
-0.218434
-0.285263
-0.230261
0.867699
-0.0299385
-0.253863
0.150563
1.01024
0.19022
-0.162809
-0.0912295
-0.0527957
-0.28617
-0.454937
-0.256954
0.260149
0.600926
0.0391209
1.30443
-33.3344
-33.4309
-33.468
-33.3894
-37.2886
-35.6417
-35.8319
-33.4602
-36.8009
-36.2071
-37.085
-37.3576
-33.0792
-33.1428
-32.4775
-28.8575
-30.3769
-30.5507
-30.6511
-30.3508
-32.3189
-28.7211
-0.306691
-0.032583
-33.3344
-33.4309
-33.468
-33.3894
-37.2886
-35.6417
-35.8319
-33.4602
-36.8009
-36.2071
-37.085
-37.3576
-33.0792
-33.1428
-32.4775
-28.8575
-30.3769
-30.5507
-30.6511
-30.3508
-32.3189
-28.7211
0.13963
0.191313
0.201104
-0.39987
0.0217358
-0.157787
-0.218434
-0.285263
-0.230261
0.867699
-0.0299385
-0.253863
0.150563
1.01024
0.19022
-0.162809
-0.0912295
-0.0527957
-0.28617
-0.454937
-0.256954
0.260149
0.600926
0.0391209
1.30443
-0.0657537
0.0799346
0.107889
-0.593036
-0.367478
-0.240347
-0.605162
-0.184159
-0.109896
-0.177688
-0.118757
-0.00553795
0.34398
-0.106137
-0.101107
0.0534372
-0.129762
-0.155089
0.142394
0.21641
0.473359
0.456982
-0.75773
-33.2954
-37.1823
-35.8443
-33.1717
-33.0909
-38.2081
-32.441
-28.9653
-30.4338
-30.5355
-30.2589
-32.3476
-32.7875
-28.048
-0.0657537
-33.2954
-37.1823
-35.8443
-33.1717
-33.0909
-38.2081
-32.441
-28.9653
-30.4338
-30.5355
-30.2589
-32.3476
-32.7875
-28.048
0.0799346
0.107889
-0.593036
-0.367478
-0.240347
-0.605162
-0.184159
-0.109896
-0.177688
-0.118757
-0.00553796
0.34398
-0.106137
-0.101107
0.0534372
-0.129762
-0.155089
0.142394
0.21641
0.473359
0.456982
-0.75773
0.145446
0.0852004
0.359699
-0.0199462
-0.346644
-0.145063
-0.141354
-0.141968
0.140426
-0.131391
-0.35294
-0.0221464
0.0717544
-0.0424411
0.186687
0.347927
0.248434
0.64019
-33.3145
-37.1162
-33.6276
-37.2904
-38.2298
-32.4376
-29.0581
-30.4409
-30.4665
-32.1646
-28.7854
-28.0899
-33.3145
-37.1162
-33.6276
-37.2904
-38.2298
-32.4376
-29.0581
-30.4409
-30.4665
-32.1646
-28.7854
-28.0899
0.145446
0.0852004
0.359699
-0.0199462
-0.346644
-0.145063
-0.141354
-0.141968
0.140426
-0.131391
-0.35294
-0.0221464
0.0717544
-0.0424411
0.186687
0.347927
0.248434
0.64019
0.178373
0.200741
0.0463045
-0.0347275
0.214722
0.821318
0.216407
0.19079
-0.477381
-0.570516
0.0853288
0.113793
0.057733
0.0376448
0.410221
-0.00411357
-33.3547
-35.334
-37.298
-32.4223
-29.1129
-30.4583
-32.0565
-28.8506
-33.3547
-35.334
-37.298
-32.4223
-29.1129
-30.4583
-32.0565
-28.8506
0.178373
0.200741
0.0463045
-0.0347275
0.214722
0.821318
0.216407
0.19079
-0.477381
-0.570516
0.0853288
0.113793
0.057733
0.0376448
0.410221
-0.00411357
0.505298
-0.0806591
0.328278
-0.382747
-0.0012066
-0.798345
0.655121
-0.793086
-0.772237
0.320066
0.134234
-0.250858
-0.668375
-31.6721
-38.626
-32.391
-29.1292
-31.886
-28.858
-31.6721
-38.626
-32.391
-29.1292
-31.886
-28.858
0.505298
-0.0806591
0.328278
-0.382747
-0.0012066
-0.798345
0.655121
-0.793086
-0.772237
0.320066
0.134234
-0.250858
-0.668375
2.44708
0.662443
0.0852072
0.716078
0.848167
-1.47564
-1.68071
0.164826
-0.652196
-1.48683
-35.5504
-32.2935
-30.4413
-28.8068
-35.5504
-32.2935
-30.4413
-28.8068
2.44708
0.662443
0.0852072
0.716078
0.848167
-1.47564
-1.68071
0.164826
-0.652196
-1.48683
2.75323
1.05204
0.59833
-0.695145
-0.25179
-0.406758
0.589174
-1.87093
-33.3279
-27.2828
-33.3279
-27.2828
2.75323
1.05204
0.59833
-0.695145
-0.25179
-0.406758
0.589174
-1.87093
4.84629
0.631447
-0.593669
-2.7676
-1.20875
-0.13211
-30.453
-30.453
4.84629
0.631447
-0.593669
-2.7676
-1.20875
-0.13211
6.89324
-5.79535
-0.684214
6.89324
-5.79535
-0.684214
-9.05357
-9.05357
)
;

boundaryField
{
    frontAndBack
    {
        type            empty;
    }
    interno
    {
        type            calculated;
        value           nonuniform List<scalar> 
164
(
-36.2684
-36.2684
-35.549
-35.549
-35.3321
-35.3321
-35.3232
-35.3232
-35.323
-35.323
-35.2315
-35.2315
-34.9933
-34.9933
-34.6551
-34.6551
-34.2017
-34.2017
-33.5192
-33.5192
-32.2648
-32.2648
-30.2651
-30.2651
-27.2938
-27.2938
-31.3381
-31.3381
-106.32
-106.32
-28.9147
-28.9147
-23.0059
-23.0059
-22.9844
-22.9844
-29.7076
-29.7076
-109.036
-109.036
-26.5831
-26.5831
-18.9425
-18.9425
-25.6801
-25.6801
-101.14
-101.14
-27.8753
-27.8753
-23.6934
-23.6934
-30.9523
-30.9523
-108.774
-108.774
-37.2874
-37.2874
-35.0555
-35.0555
-39.043
-39.043
-42.1086
-42.1086
-44.231
-44.231
-45.9011
-45.9011
-46.9932
-46.9932
-47.8368
-47.8368
-55.9406
-55.9406
-137.727
-137.727
-66.9532
-66.9532
-82.8946
-82.8946
-227.923
-59.8596
-227.923
-59.8596
-17.1474
-17.1474
-6.67694
-6.67694
-3.72466
-3.72466
-1.2524
-1.2524
-1.85689
-1.85689
-1.40413
-1.40413
-1.36673
-1.36673
-1.41893
-1.41893
-1.42588
-1.42588
-1.8514
-1.8514
-2.57337
-2.57337
-1.521
-1.521
-2.05881
-2.05881
0.510553
0.510553
0.0743262
0.0743262
0.607684
0.607684
-0.91865
-0.91865
-0.457358
-0.457358
-0.865873
-0.865873
-0.888016
-0.888016
-2.02355
-2.02355
-2.85762
-2.85762
-0.0720851
-0.0720851
2.37754
2.37754
1.78869
1.78869
1.10418
1.10418
-0.0887654
-0.0887654
0.457882
0.457882
0.150563
0.150563
1.01024
1.01024
0.34398
0.34398
-0.131391
-0.131391
-0.477381
-0.477381
-0.793086
-0.793086
-1.47564
-1.47564
-0.695145
-0.695145
-0.593669
-0.593669
-0.13211
-0.13211
-0.684214
-0.684214
-9.05357
-9.05357
)
;
    }
    externo
    {
        type            calculated;
        value           nonuniform List<scalar> 
368
(
6.89324
6.89324
0.631447
0.631447
0.59833
0.59833
0.716078
0.716078
0.655121
0.655121
0.505298
0.505298
0.178373
0.178373
0.145446
0.145446
0.0799346
0.0799346
-0.0657537
-0.0657537
-0.306691
-0.306691
-0.79011
-0.79011
-0.108987
-0.108987
-0.15839
-0.15839
0.395108
0.395108
-0.163962
-0.163962
-0.266647
-0.266647
-0.0770059
-0.0770059
0.177786
0.177786
0.237354
0.237354
0.0638956
0.0638956
-0.0389056
-0.0389056
-0.141176
-0.141176
-0.263911
-0.263911
-0.388244
-0.388244
-0.39672
-0.39672
-0.394475
-0.394475
-0.696705
-0.696705
-0.0200458
-0.0200458
-0.245508
-0.245508
-0.104395
-0.104395
0.0701052
0.0701052
-0.157848
-0.157848
0.35226
0.35226
-0.053272
-0.053272
-0.08269
-0.08269
0.0683591
0.0683591
0.0459342
0.0459342
-0.0345561
-0.0345561
-0.129447
-0.129447
-0.194233
-0.194233
-0.257045
-0.257045
-0.339596
-0.339596
-0.32587
-0.32587
-0.222466
-0.222466
-0.371601
-0.371601
0.435734
0.435734
0.591123
0.591123
1.77672
1.77672
2.60533
2.60533
3.97362
3.97362
3.81578
3.81578
0.46076
0.46076
1.96461
1.96461
-5.36738
-5.36738
-2.94937
-2.94937
-2.1486
-2.1486
-0.977938
-0.977938
-0.661677
-0.661677
-0.126056
-0.126056
-0.395807
-0.395807
-0.502167
-0.502167
-0.69847
-0.69847
-0.237659
-0.237659
-0.232499
-0.232499
0.0090118
0.0090118
0.345275
0.345275
0.566596
0.566596
1.66758
1.66758
2.73108
2.73108
4.14071
4.14071
2.85878
2.85878
0.860898
0.860898
2.13845
2.13845
-6.09483
-6.09483
-3.64289
-3.64289
-2.39347
-2.39347
-1.19808
-1.19808
-0.87707
-0.87707
-0.57062
-0.57062
-0.627831
-0.627831
-0.616322
-0.616322
-0.546665
-0.546665
-0.470782
-0.470782
-0.441851
-0.441851
-0.429785
-0.429785
-0.302827
-0.302827
-0.287304
-0.287304
-0.291009
-0.291009
-0.31008
-0.31008
-0.244884
-0.244884
-0.213717
-0.186736
-0.213717
-0.186736
-0.563311
-0.563311
-1.06078
-1.06078
-1.74109
-1.74109
-2.222
-2.222
-2.76064
-2.76064
-3.27396
-3.27396
-3.78587
-3.78587
-4.29179
-4.29179
-4.79217
-4.79217
-5.28693
-5.28693
-5.77112
-5.77112
-6.2097
-6.2097
-6.80559
-6.80559
-7.22405
-7.22405
-7.69281
-7.69281
-8.17247
-8.17247
-8.61537
-8.61537
-9.09783
-9.09783
-9.57674
-9.57674
-10.0122
-10.0122
-10.4822
-10.4822
-10.9972
-10.9972
-11.3322
-11.3322
-11.8408
-11.8408
-12.3374
-12.3374
-12.7788
-12.7788
-13.236
-13.236
-13.7121
-13.7121
-14.1726
-14.1726
-14.6949
-14.6949
-14.9714
-14.9714
-15.4609
-15.4609
-15.9287
-15.9287
-16.3946
-16.3946
-16.8884
-16.8884
-17.3999
-17.3999
-17.6536
-17.6536
-18.171
-18.171
-18.6301
-18.6301
-19.007
-19.007
-19.4138
-19.4138
-19.825
-19.825
-20.233
-20.233
-20.6472
-20.6472
-21.0603
-21.0603
-21.4763
-21.4763
-21.9914
-21.9914
-22.2546
-22.2546
-22.5994
-22.5994
-22.9702
-22.9702
-23.3563
-23.3563
-23.8325
-23.8325
-24.0737
-24.0737
-24.3195
-24.3195
-24.7892
-24.7892
-25.1025
-25.1025
-25.2481
-25.2481
-25.5586
-25.5586
-26.0341
-26.0341
-26.3606
-26.3606
-26.6452
-26.6452
-26.827
-26.827
-27.0738
-27.0738
-27.3687
-27.3687
-27.4698
-27.4698
-27.7573
-27.7573
-27.9846
-27.9846
-28.1905
-28.1905
-28.3959
-28.3959
-28.6046
-28.6046
-28.8764
-28.8764
-29.0597
-29.0597
-29.1104
-29.1104
-29.2323
-29.2323
-29.3824
-29.3824
-29.5502
-29.5502
-29.7588
-29.7588
-29.88
-29.88
-29.8746
-29.8746
-29.973
-29.973
-30.0671
-30.0671
-30.2373
-30.2373
-30.3127
-30.3127
-30.293
-30.293
-30.339
-30.339
-30.3916
-30.3916
-30.4334
-30.4334
-30.4742
-30.4742
-30.4775
-30.4775
-30.6626
-30.6626
-30.9188
-30.9188
)
;
    }
    symHor
    {
        type            symmetryPlane;
    }
    symVert
    {
        type            symmetryPlane;
    }
}


// ************************************************************************* //
