/*--------------------------------*- C++ -*----------------------------------*\
| =========                 |                                                 |
| \\      /  F ield         | OpenFOAM: The Open Source CFD Toolbox           |
|  \\    /   O peration     | Version:  2.4.x                                 |
|   \\  /    A nd           | Web:      www.OpenFOAM.org                      |
|    \\/     M anipulation  |                                                 |
\*---------------------------------------------------------------------------*/
FoamFile
{
    version     2.0;
    format      ascii;
    class       volScalarField;
    location    "10";
    object      T;
}
// * * * * * * * * * * * * * * * * * * * * * * * * * * * * * * * * * * * * * //

dimensions      [0 0 0 1 0 0 0];

internalField   nonuniform List<scalar> 
6768
(
19.9999
19.9999
19.9996
19.9996
19.9996
19.9996
19.999
19.9982
19.9991
19.999
19.9982
19.9991
19.9982
19.9957
19.9959
19.9985
19.9982
19.9957
19.9959
19.9985
19.9977
19.9928
19.9889
19.9939
19.9982
19.9977
19.9928
19.9889
19.9939
19.9982
19.9968
19.992
19.9821
19.9868
19.9777
19.9937
19.9977
19.9968
19.992
19.9821
19.9868
19.9777
19.9937
19.9977
19.9952
19.9875
19.9729
19.9665
19.9903
19.9792
19.9649
19.9965
19.9952
19.9875
19.9729
19.9665
19.9903
19.9792
19.9649
19.9965
19.9937
19.9831
19.9652
19.9545
19.9475
19.9866
19.9718
19.9496
19.9953
19.9937
19.9831
19.9652
19.9545
19.9475
19.9866
19.9718
19.9496
19.9953
19.9924
19.9791
19.9579
19.9443
19.9321
19.9192
19.9833
19.9681
19.9569
19.929
19.994
19.9924
19.9791
19.9579
19.9443
19.9321
19.9192
19.9833
19.9681
19.9569
19.929
19.994
19.9913
19.9754
19.9504
19.9334
19.9235
19.9039
19.8943
19.88
19.979
19.9735
19.9458
19.9123
19.9922
19.9913
19.9754
19.9504
19.9334
19.9235
19.9039
19.8943
19.88
19.979
19.9735
19.9458
19.9123
19.9922
19.9907
19.972
19.9431
19.9207
19.9053
19.8704
19.8726
19.8533
19.8404
19.9903
19.9684
19.9363
19.8981
19.9907
19.972
19.9431
19.9207
19.9053
19.8704
19.8726
19.8533
19.8404
19.9903
19.9684
19.9363
19.8981
19.9913
19.9702
19.9387
19.9081
19.8858
19.8466
19.8316
19.853
19.8259
19.8078
19.799
19.9888
19.9646
19.9289
19.8865
19.9913
19.9702
19.9387
19.9081
19.8858
19.8466
19.8316
19.853
19.8259
19.8078
19.799
19.9888
19.9646
19.9289
19.8865
19.9905
19.9735
19.9644
19.925
19.8946
19.867
19.8213
19.8036
19.8367
19.799
19.7725
19.7582
19.7576
19.9883
19.9634
19.9261
19.8759
19.9905
19.9735
19.9644
19.925
19.8946
19.867
19.8213
19.8036
19.8367
19.799
19.7725
19.7582
19.7576
19.9883
19.9634
19.9261
19.8759
19.9878
19.9589
19.9165
19.8797
19.8474
19.7952
19.7707
19.8306
19.7742
19.7358
19.7126
19.7054
19.7144
19.9893
19.968
19.9577
19.9119
19.861
19.9878
19.9589
19.9165
19.8797
19.8474
19.7952
19.7707
19.8306
19.7742
19.7358
19.7126
19.7054
19.7144
19.9893
19.968
19.9577
19.9119
19.861
19.9867
19.9574
19.9141
19.8668
19.8278
19.7692
19.7369
19.802
19.7327
19.696
19.6642
19.6457
19.6494
19.6719
19.9885
19.9855
19.9517
19.9021
19.8436
19.9867
19.9574
19.9141
19.8668
19.8278
19.7692
19.7369
19.802
19.7327
19.696
19.6642
19.6457
19.6494
19.6719
19.9885
19.9855
19.9517
19.9021
19.8436
19.9879
19.9635
19.9529
19.9007
19.8542
19.8087
19.7438
19.7038
19.775
19.6985
19.6537
19.6152
19.5847
19.5644
19.5993
19.6313
19.9842
19.9501
19.8981
19.8255
19.9879
19.9635
19.9529
19.9007
19.8542
19.8087
19.7438
19.7038
19.775
19.6985
19.6537
19.6152
19.5847
19.5644
19.5993
19.6313
19.9842
19.9501
19.8981
19.8255
19.9873
19.985
19.9498
19.8985
19.8415
19.7904
19.7191
19.6712
19.7498
19.6672
19.6138
19.5672
19.5282
19.4957
19.5269
19.4505
19.5528
19.5909
19.9856
19.9577
19.9471
19.8788
19.8057
19.9873
19.985
19.9498
19.8985
19.8415
19.7904
19.7191
19.6712
19.7498
19.6672
19.6138
19.5672
19.5282
19.4957
19.5269
19.4505
19.5528
19.5909
19.9856
19.9577
19.9471
19.8788
19.8057
19.9857
19.9564
19.9432
19.8839
19.8305
19.7736
19.6963
19.639
19.7262
19.6386
19.5761
19.5205
19.4733
19.4355
19.4082
19.4675
19.3724
19.3242
19.5028
19.5498
19.9866
19.9816
19.9921
19.9328
19.8643
19.7889
19.9857
19.9564
19.9432
19.8839
19.8305
19.7736
19.6963
19.639
19.7262
19.6386
19.5761
19.5205
19.4733
19.4355
19.4082
19.4675
19.3724
19.3242
19.5028
19.5498
19.9866
19.9816
19.9921
19.9328
19.8643
19.7889
19.9846
19.9806
19.936
19.876
19.8212
19.7613
19.6801
19.6077
19.7061
19.6145
19.5412
19.4756
19.4188
19.3717
19.3367
19.4069
19.3044
19.2781
19.2284
19.1979
19.4518
19.5075
19.9765
19.9255
19.8544
19.7767
19.9846
19.9806
19.936
19.876
19.8212
19.7613
19.6801
19.6077
19.7061
19.6145
19.5412
19.4756
19.4188
19.3717
19.3367
19.4069
19.3044
19.2781
19.2284
19.1979
19.4518
19.5075
19.9765
19.9255
19.8544
19.7767
19.9782
19.9321
19.8707
19.8114
19.7635
19.7367
19.6432
19.5733
19.6915
19.5988
19.5106
19.4329
19.3656
19.3083
19.2621
19.3458
19.2306
19.1941
19.1441
19.1081
19.0654
19.3994
19.4631
19.9745
19.9223
19.8499
19.7702
19.9782
19.9321
19.8707
19.8114
19.7635
19.7367
19.6432
19.5733
19.6915
19.5988
19.5106
19.4329
19.3656
19.3083
19.2621
19.3458
19.2306
19.1941
19.1441
19.1081
19.0654
19.3994
19.4631
19.9745
19.9223
19.8499
19.7702
19.9774
19.9306
19.8705
19.8018
19.723
19.6232
19.5359
19.6838
19.6047
19.4894
19.3924
19.3139
19.2465
19.1895
19.2832
19.1577
19.1036
19.0618
19.0184
18.9947
18.9614
18.9022
19.3462
19.4176
19.9751
19.9246
19.8554
19.764
19.9774
19.9306
19.8705
19.8018
19.723
19.6232
19.5359
19.6838
19.6047
19.4894
19.3924
19.3139
19.2465
19.1895
19.2832
19.1577
19.1036
19.0618
19.0184
18.9947
18.9614
18.9022
19.3462
19.4176
19.9751
19.9246
19.8554
19.764
19.9779
19.9316
19.8809
19.8045
19.7261
19.6901
19.5789
19.4972
19.6758
19.5693
19.4319
19.3465
19.2616
19.1856
19.1186
19.2217
19.0892
19.0218
18.9819
18.9234
18.8841
18.8751
18.8012
18.7204
19.2932
19.3712
19.9786
19.9378
19.9229
19.8414
19.7563
19.9779
19.9316
19.8809
19.8045
19.7261
19.6901
19.5789
19.4972
19.6758
19.5693
19.4319
19.3465
19.2616
19.1856
19.1186
19.2217
19.0892
19.0218
18.9819
18.9234
18.8841
18.8751
18.8012
18.7204
19.2932
19.3712
19.9786
19.9378
19.9229
19.8414
19.7563
19.978
19.9291
19.8622
19.7832
19.7706
19.6728
19.5426
19.4541
19.6754
19.6323
19.5117
19.3799
19.2924
19.2065
19.1246
19.0495
19.1627
19.0258
18.9488
18.9058
18.8353
18.7664
18.8006
18.7191
18.6344
18.5113
18.5655
19.2414
19.325
19.9787
19.9757
19.9198
19.8408
19.7383
19.978
19.9291
19.8622
19.7832
19.7706
19.6728
19.5426
19.4541
19.6754
19.6323
19.5117
19.3799
19.2924
19.2065
19.1246
19.0495
19.1627
19.0258
18.9488
18.9058
18.8353
18.7664
18.8006
18.7191
18.6344
18.5113
18.5655
19.2414
19.325
19.9787
19.9757
19.9198
19.8408
19.7383
19.9763
19.9226
19.8511
19.8469
19.7797
19.7553
19.6315
19.5048
19.4132
19.7103
19.5956
19.47
19.3348
19.2401
19.1495
19.0629
18.9814
19.1064
18.9664
18.8829
18.8322
18.7555
18.679
18.7351
18.6455
18.5594
18.4841
18.3247
18.3399
18.3946
18.5368
19.1912
19.2805
19.977
19.9305
19.9094
19.8144
19.9763
19.9226
19.8511
19.8469
19.7797
19.7553
19.6315
19.5048
19.4132
19.7103
19.5956
19.47
19.3348
19.2401
19.1495
19.0629
18.9814
19.1064
18.9664
18.8829
18.8322
18.7555
18.679
18.7351
18.6455
18.5594
18.4841
18.3247
18.3399
18.3946
18.5368
19.1912
19.2805
19.977
19.9305
19.9094
19.8144
19.9744
19.9186
19.9167
19.8451
19.8514
19.8225
19.7157
19.5977
19.4717
19.374
19.7967
19.6868
19.5662
19.4349
19.2945
19.1912
19.0936
19.0011
18.9139
19.0527
18.9096
18.8227
18.7589
18.6772
18.6022
18.6785
18.5816
18.4793
18.3931
18.1602
18.2215
18.1474
18.2152
18.1462
18.4446
18.2778
19.1429
19.238
19.9751
19.9684
19.8966
19.9744
19.9186
19.9167
19.8451
19.8514
19.8225
19.7157
19.5977
19.4717
19.374
19.7967
19.6868
19.5662
19.4349
19.2945
19.1912
19.0936
19.0011
18.9139
19.0527
18.9096
18.8227
18.7589
18.6772
18.6022
18.6785
18.5816
18.4793
18.3931
18.2215
18.1474
18.1602
18.2152
18.1462
18.4446
18.2778
19.1429
19.238
19.9751
19.9684
19.8966
19.9735
19.9733
19.9161
19.9099
19.8987
19.8021
19.6926
19.5731
19.4445
19.3383
19.8886
19.7841
19.6692
19.5421
19.4043
19.2577
19.1458
19.0402
18.9407
18.8468
19.0003
18.8532
18.7632
18.6862
18.5976
18.5163
18.615
18.5485
18.4043
18.3028
17.9994
17.9975
18.1153
18.0397
18.0953
18.0312
18.3479
18.1695
19.0963
19.1981
19.9641
19.9735
19.9733
19.9161
19.9099
19.8987
19.8021
19.6926
19.5731
19.4445
19.3383
19.8886
19.7841
19.6692
19.5421
19.4043
19.2577
19.1458
19.0402
18.9407
18.8468
19.0003
18.8532
18.7632
18.6862
18.5976
18.5163
18.615
18.5485
18.4043
18.3028
18.1153
18.0397
17.9994
17.9975
18.0953
18.0312
18.3479
18.1695
19.0963
19.1981
19.9641
19.9723
19.9688
19.9649
19.8907
19.79
19.6795
19.5576
19.4226
19.3062
19.9621
19.8848
19.7778
19.6573
19.5209
19.3761
19.2232
19.1033
18.9895
18.8821
18.781
18.9494
18.797
18.7012
18.6148
18.5187
18.4293
18.5428
18.4594
18.29
18.2045
17.8175
17.8471
17.84
18.0083
17.9179
17.9792
17.9006
18.2523
18.0653
19.0517
19.1602
19.9723
19.9688
19.9649
19.8907
19.79
19.6795
19.5576
19.4226
19.3062
19.9621
19.8848
19.7778
19.6573
19.5209
19.3761
19.2232
19.1033
18.9895
18.8821
18.781
18.9494
18.797
18.7012
18.6148
18.5187
18.4293
18.5428
18.4594
18.29
18.2045
18.0083
17.9179
17.8471
17.8175
17.84
17.9792
17.9006
18.2523
18.0653
19.0517
19.1602
19.9627
19.8869
19.7855
19.6781
19.5571
19.3961
19.2745
19.9631
19.8884
19.7849
19.6441
19.501
19.3494
19.1899
19.0629
18.9416
18.8263
18.7174
18.8999
18.7425
18.6387
18.5458
18.4414
18.3434
18.4738
18.3763
18.2001
18.1033
17.6156
17.6204
17.6998
17.6856
17.9071
17.8035
17.7775
17.8676
18.1591
17.9644
19.0085
19.1223
19.9627
19.8869
19.7855
19.6781
19.5571
19.3961
19.2745
19.9631
19.8884
19.7849
19.6441
19.501
19.3494
19.1899
19.0629
18.9416
18.8263
18.7174
18.8999
18.7425
18.6387
18.5458
18.4414
18.3434
18.4738
18.3763
18.2001
18.1033
17.9071
17.8035
17.6998
17.6204
17.6156
17.6856
17.8676
17.7775
18.1591
17.9644
19.0085
19.1223
19.9627
19.8877
19.7897
19.6986
19.6618
19.5149
19.3624
19.2411
19.9681
19.9077
19.885
19.7633
19.6318
19.4841
19.3225
19.1568
19.0241
18.8959
18.7732
18.6563
18.8518
18.6897
18.5791
18.4793
18.3667
18.2599
18.4091
18.3014
18.121
18.0131
17.4153
17.3346
17.4312
17.5859
17.5667
17.8164
17.6995
17.6609
17.7581
18.0691
17.8671
18.9659
19.0848
19.9627
19.8877
19.7897
19.6986
19.6618
19.5149
19.3624
19.2411
19.9681
19.9077
19.885
19.7633
19.6318
19.4841
19.3225
19.1568
19.0241
18.8959
18.7732
18.6563
18.8518
18.6897
18.5791
18.4793
18.3667
18.2599
18.4091
18.3014
18.121
18.0131
17.8164
17.6995
17.5859
17.4312
17.3346
17.4153
17.5667
17.7581
17.6609
18.0691
17.8671
18.9659
19.0848
19.9651
19.8936
19.7984
19.7688
19.6339
19.4845
19.3313
19.2069
19.9677
19.9623
19.8792
19.7658
19.6379
19.4612
19.2934
19.1241
18.9863
18.8521
18.7223
18.5979
18.8049
18.6387
18.5217
18.4163
18.2955
18.1797
18.3476
18.2325
18.0503
17.9335
17.3816
17.1972
17.1192
17.1396
16.9926
17.2311
17.3866
17.4757
17.4535
17.7388
17.606
17.5365
17.6514
17.9833
17.7756
18.9248
19.0481
19.9651
19.8936
19.7984
19.7688
19.6339
19.4845
19.3313
19.2069
19.9677
19.9623
19.8792
19.7658
19.6379
19.4612
19.2934
19.1241
18.9863
18.8521
18.7223
18.5979
18.8049
18.6387
18.5217
18.4163
18.2955
18.1797
18.3476
18.2325
18.0503
17.9335
17.7388
17.606
17.4757
17.3866
17.1396
17.2311
16.9926
17.1192
17.1972
17.3816
17.4535
17.6514
17.5365
17.9833
17.7756
18.9248
19.0481
19.9706
19.9123
19.8895
19.8832
19.7651
19.6105
19.4584
19.3037
19.1745
19.963
19.8888
19.8041
19.7509
19.5936
19.431
19.2647
19.0932
18.9498
18.81
18.6739
18.5425
18.7602
18.5903
18.4669
18.356
18.2278
18.1038
18.2894
18.1682
17.984
17.864
17.278
17.0811
16.9468
16.8204
16.8482
17.0047
16.6838
17.2052
17.367
17.2803
17.5355
17.6796
17.4188
17.5516
17.9043
17.6959
18.8852
19.0133
19.9706
19.9123
19.8895
19.8832
19.7651
19.6105
19.4584
19.3037
19.1745
19.963
19.8888
19.8041
19.7509
19.5936
19.431
19.2647
19.0932
18.9498
18.81
18.6739
18.5425
18.7602
18.5903
18.4669
18.356
18.2278
18.1038
18.2894
18.1682
17.984
17.864
17.6796
17.5355
17.367
17.2052
16.8482
17.0047
16.6838
16.8204
16.9468
17.0811
17.278
17.2803
17.5516
17.4188
17.9043
17.6959
18.8852
19.0133
19.9702
19.9651
19.9666
19.8988
19.8685
19.7314
19.586
19.4349
19.2788
19.1446
19.9699
19.9126
19.8938
19.8627
19.721
19.5681
19.4077
19.2401
19.0655
18.9154
18.7693
18.6271
18.4892
18.7172
18.5436
18.4146
18.2985
18.1639
18.0334
18.2331
18.1064
17.9191
17.7984
17.0063
16.8204
16.6643
16.5178
16.5474
16.7225
16.9103
16.3739
17.1026
17.3074
17.1957
17.5197
17.6159
17.2955
17.4718
17.8345
17.6362
18.8473
18.9809
19.9702
19.9651
19.9666
19.8988
19.8685
19.7314
19.586
19.4349
19.2788
19.1446
19.9699
19.9126
19.8938
19.8627
19.721
19.5681
19.4077
19.2401
19.0655
18.9154
18.7693
18.6271
18.4892
18.7172
18.5436
18.4146
18.2985
18.1639
18.0334
18.2331
18.1064
17.9191
17.7984
17.6159
17.5197
17.3074
17.1026
16.9103
16.5474
16.7225
16.3739
16.5178
16.6643
16.8204
17.0063
17.1957
17.2955
17.4718
17.8345
17.6362
18.8473
18.9809
19.964
19.9548
19.8521
19.7139
19.5678
19.4154
19.2574
19.1177
19.9731
19.963
19.9843
19.9524
19.8488
19.706
19.5537
19.3913
19.2196
19.0407
18.8838
18.7308
18.5821
18.4379
18.6758
18.4986
18.3641
18.2424
18.1022
17.9672
18.1786
18.0462
17.8535
17.7273
16.7211
16.969
16.5289
16.361
16.204
16.2343
16.4196
16.6116
16.8125
16.0531
17.028
17.2659
17.4497
17.5247
17.1832
17.4616
17.7688
17.5753
18.8116
18.9509
19.964
19.9548
19.8521
19.7139
19.5678
19.4154
19.2574
19.1177
19.9731
19.963
19.9843
19.9524
19.8488
19.706
19.5537
19.3913
19.2196
19.0407
18.8838
18.7308
18.5821
18.4379
18.6758
18.4986
18.3641
18.2424
18.1022
17.9672
18.1786
18.0462
17.8535
17.7273
17.5247
17.4497
17.2659
17.028
16.8125
16.6116
16.2343
16.4196
16.0531
16.204
16.361
16.5289
16.7211
16.969
17.1832
17.4616
17.7688
17.5753
18.8116
18.9509
19.9492
19.8428
19.7021
19.5539
19.3994
19.2387
19.0936
19.9488
19.8449
19.703
19.5492
19.379
19.2017
19.0188
18.8551
18.6946
18.5388
18.3881
18.6366
18.4554
18.3151
18.1874
18.0409
17.9014
18.1253
17.987
17.7892
17.6535
16.4014
16.6097
16.8176
16.2135
16.0403
15.8763
15.9074
16.1002
16.2982
16.5045
16.7249
15.7188
16.9705
17.4421
17.244
17.2569
17.3983
16.9825
17.6973
17.4879
18.7782
18.9235
19.9492
19.8428
19.7021
19.5539
19.3994
19.2387
19.0936
19.9488
19.8449
19.703
19.5492
19.379
19.2017
19.0188
18.8551
18.6946
18.5388
18.3881
18.6366
18.4554
18.3151
18.1874
18.0409
17.9014
18.1253
17.987
17.7892
17.6535
17.4421
17.244
16.9705
16.7249
16.5045
16.2982
15.9074
16.1002
15.7188
15.8763
16.0403
16.2135
16.4014
16.6097
16.8176
17.2569
16.9825
17.3983
17.6973
17.4879
18.7782
18.9235
19.9467
19.8374
19.6943
19.5437
19.3865
19.2223
19.0716
19.9508
19.8523
19.7212
19.5451
19.369
19.1845
19.0014
18.8316
18.6616
18.4977
18.3397
18.5993
18.414
18.2677
18.1335
17.98
17.8336
18.0732
17.929
17.7267
17.5856
16.0692
16.2676
16.471
16.6674
15.8819
15.7042
15.5341
15.5667
15.767
15.9713
16.1819
16.4016
16.6355
15.37
16.8833
17.157
17.3801
17.3915
17.1428
16.8608
17.619
18.747
18.8979
19.9467
19.8374
19.6943
19.5437
19.3865
19.2223
19.0716
19.9508
19.8523
19.7212
19.5451
19.369
19.1845
19.0014
18.8316
18.6616
18.4977
18.3397
18.5993
18.414
18.2677
18.1335
17.98
17.8336
18.0732
17.929
17.7267
17.5856
17.3801
17.157
16.6355
16.8833
16.4016
16.1819
15.9713
15.5667
15.767
15.37
15.5341
15.7042
15.8819
16.0692
16.2676
16.471
16.6674
17.3915
17.1428
16.8608
17.619
18.747
18.8979
19.9457
19.8346
19.6894
19.5369
19.3756
19.2071
19.0515
19.9586
19.8802
19.8535
19.7076
19.5503
19.352
19.1668
18.9898
18.8203
18.6353
18.4597
18.2931
18.564
18.3744
18.2219
18.0809
17.9203
17.7657
18.0222
17.871
17.6606
17.5225
15.7264
15.9243
16.1288
16.3374
16.5537
15.5363
15.3535
15.1769
15.2109
15.4184
15.6293
15.8446
16.0657
16.2935
16.5232
15.0059
17.0547
17.1951
16.7381
17.3387
17.5429
17.3107
17.0671
16.7917
18.7174
18.8739
19.9457
19.8346
19.6894
19.5369
19.3756
19.2071
19.0515
19.9586
19.8802
19.8535
19.7076
19.5503
19.352
19.1668
18.9898
18.8203
18.6353
18.4597
18.2931
18.564
18.3744
18.2219
18.0809
17.9203
17.7657
18.0222
17.871
17.6606
17.5225
17.3387
17.1951
16.2935
16.5232
17.0547
16.7381
16.0657
15.8446
15.6293
15.2109
15.4184
15.0059
15.1769
15.3535
15.5363
15.7264
15.9243
16.1288
16.3374
16.5537
17.5429
17.3107
17.0671
16.7917
18.7174
18.8739
19.9459
19.8352
19.69
19.534
19.3647
19.1922
19.0326
19.9596
19.9536
19.8475
19.7291
19.6858
19.5086
19.3274
19.146
18.9654
18.8373
18.6263
18.4259
18.2482
18.5303
18.3369
18.1781
18.0289
17.8617
17.7002
17.9742
17.8132
17.591
17.4403
15.372
15.5732
15.7807
15.9949
16.2187
16.4593
15.1769
14.9878
14.8043
14.8402
15.0561
15.2745
15.4958
15.7208
15.9493
16.1798
16.4084
14.6264
17.2623
16.9377
17.3421
16.6294
17.4745
17.249
17.0523
16.7251
16.9638
18.6893
18.8512
19.9459
19.8352
19.69
19.534
19.3647
19.1922
19.0326
19.9596
19.9536
19.8475
19.7291
19.6858
19.5086
19.3274
19.146
18.9654
18.8373
18.6263
18.4259
18.2482
18.5303
18.3369
18.1781
18.0289
17.8617
17.7002
17.9742
17.8132
17.591
17.4403
17.3421
15.9493
16.1798
16.4084
17.2623
16.9377
16.6294
15.7208
15.4958
15.2745
14.8402
15.0561
14.6264
14.8043
14.9878
15.1769
15.372
15.5732
15.7807
15.9949
16.2187
16.4593
17.4745
17.249
17.0523
16.7251
16.9638
18.6893
18.8512
19.9492
19.8441
19.7061
19.5251
19.3521
19.1791
19.0153
19.9504
19.8388
19.8231
19.6608
19.4858
19.3056
19.1208
18.9279
18.7718
18.5559
18.3837
18.2027
18.4984
18.3021
18.1378
17.9768
17.8034
17.6362
17.933
17.7603
17.5329
15.0044
15.211
15.423
15.6415
15.8686
16.1068
16.3558
14.8029
14.6068
14.4159
14.4532
14.6782
14.905
15.1341
15.3654
15.5989
15.8351
16.0748
16.3204
14.2303
17.3997
17.5208
17.1152
16.8221
16.5562
17.4054
17.1756
16.9386
16.5997
17.0599
18.6629
18.8311
19.9492
19.8441
19.7061
19.5251
19.3521
19.1791
19.0153
19.9504
19.8388
19.8231
19.6608
19.4858
19.3056
19.1208
18.9279
18.7718
18.5559
18.3837
18.2027
18.4984
18.3021
18.1378
17.9768
17.8034
17.6362
17.933
17.7603
17.5329
15.5989
15.8351
16.0748
16.3204
17.3997
17.5208
17.1152
16.8221
16.5562
15.3654
15.1341
14.905
14.4532
14.6782
14.2303
14.4159
14.6068
14.8029
15.0044
15.211
15.423
15.6415
15.8686
16.1068
16.3558
17.4054
17.1756
16.9386
16.5997
17.0599
18.6629
18.8311
19.9572
19.8723
19.8397
19.677
19.5101
19.3412
19.1713
19.0029
19.9453
19.9394
19.8117
19.6452
19.4688
19.2854
19.0947
18.8956
18.724
18.5091
18.3325
18.1544
18.4683
18.2693
18.1024
17.9257
17.7459
17.5704
17.901
17.7208
14.6223
14.8356
15.0536
15.2769
15.5078
15.7472
15.9959
16.2474
14.4135
14.2095
14.0105
14.0497
14.2846
14.5211
14.7587
14.9978
15.238
15.481
15.7301
15.9951
16.3096
13.8166
17.5535
17.2821
17.6782
16.9966
16.6919
17.3259
17.1796
17.242
16.8367
16.4968
18.6391
18.8172
19.9572
19.8723
19.8397
19.677
19.5101
19.3412
19.1713
19.0029
19.9453
19.9394
19.8117
19.6452
19.4688
19.2854
19.0947
18.8956
18.724
18.5091
18.3325
18.1544
18.4683
18.2693
18.1024
17.9257
17.7459
17.5704
17.901
17.7208
15.238
15.481
15.7301
15.9951
16.3096
17.5535
17.2821
17.6782
16.9966
16.6919
14.9978
14.7587
14.5211
14.0497
14.2846
13.8166
14.0105
14.2095
14.4135
14.6223
14.8356
15.0536
15.2769
15.5078
15.7472
15.9959
16.2474
17.3259
17.1796
17.242
16.8367
16.4968
18.6391
18.8172
19.9564
19.9464
19.8251
19.665
19.5009
19.3344
19.1695
19.0017
19.9352
19.804
19.6341
19.455
19.2678
19.0725
18.8686
18.6873
18.4701
18.2873
18.1063
18.4382
18.2318
18.0716
17.8786
17.694
17.5057
17.8969
14.2247
14.4452
14.6701
14.8999
15.1362
15.3796
15.6311
15.8889
16.1492
14.0081
13.7954
13.5871
13.6279
13.8736
14.1209
14.3687
14.6169
14.8649
15.1143
15.3676
15.6315
15.9167
16.2154
16.5747
13.3841
17.7168
17.8017
17.4578
17.1828
16.8918
17.3451
17.4555
17.0548
17.4508
16.7398
16.4088
18.6177
18.8193
19.9564
19.9464
19.8251
19.665
19.5009
19.3344
19.1695
19.0017
19.9352
19.804
19.6341
19.455
19.2678
19.0725
18.8686
18.6873
18.4701
18.2873
18.1063
18.4382
18.2318
18.0716
17.8786
17.694
17.5057
17.8969
14.8649
15.1143
15.3676
15.6315
15.9167
16.2154
16.5747
17.7168
17.8017
17.4578
17.1828
16.8918
14.6169
14.3687
14.1209
13.6279
13.8736
13.3841
13.5871
13.7954
14.0081
14.2247
14.4452
14.6701
14.8999
15.1362
15.3796
15.6311
15.8889
16.1492
17.3451
17.4555
17.0548
17.4508
16.7398
16.4088
18.6177
18.8193
19.9412
19.8193
19.6601
19.4962
19.3271
19.1556
19.026
19.9327
19.799
19.6265
19.4446
19.254
19.0546
18.8454
18.6559
18.4349
18.2459
18.0607
18.4035
18.1855
18.0236
17.8308
17.6524
13.8115
14.0391
14.2715
14.5099
14.754
15.0037
15.2599
15.5236
15.7922
16.0635
13.586
13.3629
13.1437
13.1862
13.4441
13.7037
13.963
14.2216
14.4788
14.7347
14.9916
15.2535
15.524
15.7965
16.0449
16.4036
16.5496
16.8113
12.9299
17.8966
17.9585
17.644
17.3775
17.0983
17.5299
17.2629
17.598
16.9741
16.6656
16.3389
18.5863
18.9701
18.7619
19.9412
19.8193
19.6601
19.4962
19.3271
19.1556
19.026
19.9327
19.799
19.6265
19.4446
19.254
19.0546
18.8454
18.6559
18.4349
18.2459
18.0607
18.4035
18.1855
18.0236
17.8308
17.6524
14.4788
14.7347
14.9916
15.2535
15.524
15.7965
16.0449
16.4036
16.5496
16.8113
17.8966
17.9585
17.644
17.3775
17.0983
14.2216
13.963
13.7037
13.1862
13.4441
13.1437
12.9299
13.3629
13.586
13.8115
14.0391
14.2715
14.5099
14.754
15.0037
15.2599
15.5236
15.7922
16.0635
17.5299
17.2629
17.598
16.9741
16.6656
16.3389
18.5863
18.9701
18.7619
19.9403
19.8197
19.6617
19.4942
19.3138
19.1282
19.9314
19.7961
19.6223
19.4387
19.2454
19.0399
18.8244
18.6278
18.4023
18.2066
18.0157
18.3629
18.1353
17.7788
13.3832
13.618
13.8554
14.1024
14.358
14.6172
14.8808
15.1504
15.4253
15.7042
15.9897
13.1465
12.9099
12.6767
12.7229
12.9939
13.2664
13.5396
13.8116
14.0806
14.345
14.6068
14.8696
15.1357
15.4032
15.6637
16.2874
15.9176
16.6298
16.7265
17.0209
12.4506
18.0892
17.8411
17.5794
17.3056
17.7267
17.471
17.2018
16.9176
16.6155
16.2919
18.5462
18.9333
18.7286
19.9403
19.8197
19.6617
19.4942
19.3138
19.1282
19.9314
19.7961
19.6223
19.4387
19.2454
19.0399
18.8244
18.6278
18.4023
18.2066
18.0157
18.3629
18.1353
17.7788
14.0806
14.345
14.6068
14.8696
15.1357
15.4032
15.6637
16.2874
15.9176
16.6298
16.7265
17.0209
18.0892
17.8411
17.5794
17.3056
13.8116
13.5396
13.2664
12.7229
12.9939
12.6767
12.9099
12.4506
13.1465
13.3832
13.618
13.8554
14.1024
14.358
14.6172
14.8808
15.1504
15.4253
15.7042
15.9897
17.7267
17.471
17.2018
16.9176
16.6155
16.2919
18.5462
18.9333
18.7286
19.944
19.8298
19.6791
19.4835
19.2958
19.1055
19.9313
19.7961
19.624
19.4408
19.2423
19.0255
18.8037
18.6014
18.3715
18.1695
17.971
18.3231
12.9393
13.1851
13.4198
13.6695
13.9458
14.22
14.4942
14.7705
15.0506
15.333
15.619
15.9254
12.6866
12.4318
12.1803
12.2353
12.5229
12.8079
13.0976
13.3875
13.6711
13.9461
14.2148
14.4812
14.7475
15.0152
15.279
15.5368
16.5483
16.192
15.7847
16.8741
16.9445
17.2384
11.9391
18.293
18.0511
17.7889
17.5188
17.9291
17.6806
17.4232
17.1579
16.8872
16.6002
16.2796
18.5171
18.9096
18.7088
19.944
19.8298
19.6791
19.4835
19.2958
19.1055
19.9313
19.7961
19.624
19.4408
19.2423
19.0255
18.8037
18.6014
18.3715
18.1695
17.971
18.3231
13.6711
13.9461
14.2148
14.4812
14.7475
15.0152
15.279
15.5368
16.5483
16.192
15.7847
16.8741
16.9445
17.2384
18.293
18.0511
17.7889
17.5188
13.3875
13.0976
12.8079
12.2353
12.5229
12.1803
12.4318
12.6866
11.9391
12.9393
13.1851
13.4198
13.6695
13.9458
14.22
14.4942
14.7705
15.0506
15.333
15.619
15.9254
17.9291
17.6806
17.4232
17.1579
16.8872
16.6002
16.2796
18.5171
18.9096
18.7088
19.9523
19.8597
19.8244
19.6471
19.4653
19.2791
19.0884
19.9331
19.8009
19.6378
19.4638
19.2323
19.009
18.7834
18.5763
18.3426
18.1347
12.4782
12.7423
12.9849
13.1845
13.5152
13.8123
14.0998
14.3843
14.6705
14.9564
15.2394
15.5099
16.0998
15.7205
12.2025
11.9213
11.6416
11.7193
12.0339
12.3282
12.629
12.9468
13.2504
13.54
13.8178
14.0889
14.3577
14.6281
14.8961
15.1573
15.3993
16.8208
16.49
16.1364
15.4597
15.8051
17.1768
17.1259
17.462
11.3808
18.5056
18.2861
18.0059
17.7362
17.891
17.6404
17.3843
17.1286
16.9028
16.4674
16.7958
18.8939
18.7
19.9523
19.8597
19.8244
19.6471
19.4653
19.2791
19.0884
19.9331
19.8009
19.6378
19.4638
19.2323
19.009
18.7834
18.5763
18.3426
18.1347
13.2504
13.54
13.8178
14.0889
14.3577
14.6281
14.8961
15.1573
15.3993
16.8208
16.49
16.1364
15.4597
15.8051
17.1768
17.1259
17.462
18.5056
18.2861
18.0059
17.7362
12.9468
12.629
12.3282
11.7193
12.0339
11.6416
11.9213
12.2025
12.4782
11.3808
12.7423
12.9849
13.1845
13.5152
13.8123
14.0998
14.3843
14.6705
14.9564
15.2394
15.5099
16.0998
15.7205
17.891
17.6404
17.3843
17.1286
16.9028
16.4674
16.7958
18.8939
18.7
19.951
19.9402
19.8079
19.6329
19.4524
19.2666
19.0756
19.9371
19.8113
19.6766
19.6366
19.4303
19.2151
18.9925
18.7647
18.5526
18.3164
18.1029
11.995
12.2872
12.5558
12.7742
12.7442
13.084
13.3982
13.6993
13.9932
14.2864
14.5773
14.8653
15.1456
15.3881
16.3215
15.8913
15.4686
11.6874
11.3661
11.0204
11.1702
11.5271
11.8409
12.1044
12.4879
12.8201
13.1274
13.4166
13.6928
13.9637
14.2381
14.5136
14.7837
15.0642
16.8019
17.0975
16.4384
16.1101
15.1817
15.5208
15.8243
17.4118
17.3732
17.6862
10.7632
18.5295
18.4605
18.2127
17.9528
17.8565
17.6039
17.3463
17.0843
16.7092
17.0231
18.88
18.6803
19.951
19.9402
19.8079
19.6329
19.4524
19.2666
19.0756
19.9371
19.8113
19.6766
19.6366
19.4303
19.2151
18.9925
18.7647
18.5526
18.3164
18.1029
12.8201
13.1274
13.4166
13.6928
13.9637
14.2381
14.5136
14.7837
15.0642
16.8019
17.0975
16.4384
16.1101
15.1817
15.5208
15.8243
17.4118
17.3732
17.6862
18.5295
18.4605
18.2127
17.9528
12.4879
12.1044
11.8409
11.1702
11.5271
11.0204
11.3661
11.6874
11.995
12.2872
10.7632
12.5558
12.7742
12.7442
13.084
13.3982
13.6993
13.9932
14.2864
14.5773
14.8653
15.1456
15.3881
16.3215
15.8913
15.4686
17.8565
17.6039
17.3463
17.0843
16.7092
17.0231
18.88
18.6803
19.9342
19.8001
19.6252
19.4446
19.2586
19.0658
19.9403
19.8126
19.8055
19.6238
19.4221
19.2029
18.9785
18.7488
18.5317
18.2926
18.0738
11.479
11.8165
12.1233
12.4183
12.3252
12.6583
12.9824
13.2944
13.5978
13.8982
14.1948
14.4887
14.7838
15.0961
16.6744
16.3831
16.0393
15.685
15.3802
15.0953
11.1358
10.7451
10.2904
10.611
11.0114
11.3726
11.6466
11.6547
12.0373
12.3882
12.7122
13.0141
13.297
13.5635
13.8379
14.1276
14.403
14.654
14.828
17.1183
17.0197
16.706
17.3481
16.3736
16.0675
14.9446
15.2787
15.5905
15.8786
17.6443
17.61
17.9094
10.2264
18.6487
18.4154
18.1671
17.8246
17.5688
17.3046
16.9793
17.2654
18.8643
19.9342
19.8001
19.6252
19.4446
19.2586
19.0658
19.9403
19.8126
19.8055
19.6238
19.4221
19.2029
18.9785
18.7488
18.5317
18.2926
18.0738
12.3882
12.7122
13.0141
13.297
13.5635
13.8379
14.1276
14.403
14.654
14.828
17.1183
17.0197
16.706
17.3481
16.3736
16.0675
14.9446
15.2787
15.5905
15.8786
17.6443
17.61
17.9094
18.6487
18.4154
18.1671
12.0373
11.6547
11.6466
11.3726
10.611
11.0114
10.2904
10.7451
11.1358
11.479
11.8165
12.1233
10.2264
12.4183
12.3252
12.6583
12.9824
13.2944
13.5978
13.8982
14.1948
14.4887
14.7838
15.0961
16.6744
16.3831
16.0393
15.685
15.3802
15.0953
17.8246
17.5688
17.3046
16.9793
17.2654
18.8643
19.9316
19.7968
19.6221
19.442
19.2556
19.0595
19.9395
19.9397
19.8126
19.6426
19.4165
19.1946
18.9679
18.7356
18.5132
18.2715
18.0472
10.9125
11.3278
11.6659
11.9871
11.8955
12.2419
12.5701
12.8885
13.1998
13.5071
13.8092
14.1053
14.3987
14.7085
16.967
16.698
16.443
16.1318
15.8097
15.4887
15.1636
14.791
10.5725
10.2216
10.1682
10.4845
10.9162
11.2848
11.2446
11.6074
11.9628
12.2984
12.6131
12.9051
13.1711
13.403
13.7382
14.0324
14.2994
14.5182
14.5665
17.3068
17.2489
16.9589
16.6675
17.5745
16.4183
16.1633
14.7449
15.0659
15.3781
15.6784
15.9734
17.8741
17.8421
18.1332
18.8507
18.625
18.3843
17.7953
17.5356
17.24
17.5084
19.9316
19.7968
19.6221
19.442
19.2556
19.0595
19.9395
19.9397
19.8126
19.6426
19.4165
19.1946
18.9679
18.7356
18.5132
18.2715
18.0472
11.9628
12.2984
12.6131
12.9051
13.1711
13.403
13.7382
14.0324
14.2994
14.5182
14.5665
17.3068
17.2489
16.9589
16.6675
17.5745
16.4183
16.1633
14.7449
15.0659
15.3781
15.6784
15.9734
17.8741
17.8421
18.1332
18.8507
18.625
18.3843
11.6074
11.2848
11.2446
10.9162
10.1682
10.4845
10.2216
10.5725
10.9125
11.3278
11.6659
11.9871
11.8955
12.2419
12.5701
12.8885
13.1998
13.5071
13.8092
14.1053
14.3987
14.7085
16.967
16.698
16.443
16.1318
15.8097
15.4887
15.1636
14.791
17.7953
17.5356
17.24
17.5084
19.9314
19.7971
19.6242
19.4458
19.2596
19.0609
19.948
19.8479
19.8144
19.6187
19.4126
19.1893
18.9602
18.7254
18.4976
18.2539
18.0238
10.4599
10.4144
10.8622
11.2058
11.5029
11.4818
11.8317
12.1627
12.4835
12.7998
13.1137
13.4226
13.7224
14.0095
14.2779
14.472
17.2326
16.9886
16.744
16.5008
16.2123
15.9089
15.5976
15.2807
14.9589
14.4267
14.6652
10.1617
10.076
10.1514
10.4842
10.8736
10.8372
11.1972
11.5478
11.8897
12.2156
12.5205
12.799
13.0243
13.0354
13.3617
13.6686
13.9582
14.2397
14.4537
14.203
17.5314
17.4812
17.1988
16.923
16.6206
17.8082
16.2719
14.5423
14.8631
15.1755
15.479
15.778
16.0766
18.1055
18.081
18.3607
18.8452
18.6069
17.7696
17.4888
17.7488
19.9314
19.7971
19.6242
19.4458
19.2596
19.0609
19.948
19.8479
19.8144
19.6187
19.4126
19.1893
18.9602
18.7254
18.4976
18.2539
18.0238
11.5478
11.8897
12.2156
12.5205
12.799
13.0243
13.0354
13.3617
13.6686
13.9582
14.2397
14.4537
14.203
17.5314
17.4812
17.1988
16.923
16.6206
17.8082
16.2719
14.5423
14.8631
15.1755
15.479
15.778
16.0766
18.1055
18.081
18.3607
18.8452
18.6069
11.1972
10.8736
10.8372
10.4842
10.076
10.1514
10.1617
10.4144
10.4599
10.8622
11.2058
11.5029
11.4818
11.8317
12.1627
12.4835
12.7998
13.1137
13.4226
13.7224
14.0095
14.2779
14.472
17.2326
16.9886
16.744
16.5008
16.2123
15.9089
15.5976
15.2807
14.9589
14.4267
14.6652
17.7696
17.4888
17.7488
19.9337
19.8025
19.6339
19.4579
19.2749
19.0842
19.9486
19.9427
19.814
19.6402
19.4132
19.1891
18.9551
18.72
18.4858
18.2405
18.0042
10.1431
10.1537
10.4473
10.795
11.0667
11.1047
11.0898
11.4347
11.7633
12.0824
12.3988
12.7169
13.0346
13.3436
13.6349
13.9061
14.1614
17.475
17.2443
17.0797
16.7494
16.5809
16.302
16.0058
15.7011
15.3894
15.0762
14.7561
14.0876
14.3907
10.1649
10.4658
10.4462
10.799
11.1436
11.4861
11.8211
12.1402
12.4407
12.7262
12.6843
12.9963
13.3063
13.6067
13.9023
14.2055
13.8648
17.7688
17.7194
17.4216
17.1669
16.9724
16.382
16.678
18.0534
14.3113
14.6587
14.9767
15.2811
15.5797
15.8796
16.1787
18.3436
18.3339
18.5923
18.8345
17.7312
17.9887
19.9337
19.8025
19.6339
19.4579
19.2749
19.0842
19.9486
19.9427
19.814
19.6402
19.4132
19.1891
18.9551
18.72
18.4858
18.2405
18.0042
11.1436
11.4861
11.8211
12.1402
12.4407
12.7262
12.6843
12.9963
13.3063
13.6067
13.9023
14.2055
13.8648
17.7688
17.7194
17.4216
17.1669
16.9724
16.382
16.678
18.0534
14.3113
14.6587
14.9767
15.2811
15.5797
15.8796
16.1787
18.3436
18.3339
18.5923
18.8345
10.799
10.4658
10.4462
10.1649
10.1431
10.1537
10.4473
10.795
11.0667
11.1047
11.0898
11.4347
11.7633
12.0824
12.3988
12.7169
13.0346
13.3436
13.6349
13.9061
14.1614
17.475
17.2443
17.0797
16.7494
16.5809
16.302
16.0058
15.7011
15.3894
15.0762
14.7561
14.0876
14.3907
17.7312
17.9887
19.9396
19.8174
19.6624
19.468
19.3133
19.2643
19.0459
19.9483
19.8474
19.8127
19.6257
19.4303
19.1836
18.9538
18.7236
18.4804
18.2314
10.1518
10.427
10.7574
10.7464
10.7277
11.0544
11.3755
11.6872
11.9963
12.3134
12.6411
12.9663
13.2714
13.5386
13.7986
17.7128
17.4383
17.4169
16.8678
17.1609
16.6771
16.4062
16.1267
15.8075
15.4889
15.1863
14.879
14.559
13.7222
14.0184
14.2395
10.1626
10.1535
10.4184
10.7505
11.0846
11.4301
11.7597
12.0742
12.3783
12.3251
12.6347
12.943
13.2469
13.5473
13.8828
13.467
18.0193
17.9846
17.6367
17.3214
17.2069
16.9157
16.4714
16.7394
18.3115
14.1184
14.4657
14.7857
15.0884
15.3817
15.6732
15.9842
16.2991
18.5896
18.6171
18.8234
17.9746
19.9396
19.8174
19.6624
19.468
19.3133
19.2643
19.0459
19.9483
19.8474
19.8127
19.6257
19.4303
19.1836
18.9538
18.7236
18.4804
18.2314
10.7505
11.0846
11.4301
11.7597
12.0742
12.3783
12.3251
12.6347
12.943
13.2469
13.5473
13.8828
13.467
18.0193
17.9846
17.6367
17.3214
17.2069
16.9157
16.4714
16.7394
18.3115
14.1184
14.4657
14.7857
15.0884
15.3817
15.6732
15.9842
16.2991
18.5896
18.6171
18.8234
10.4184
10.1626
10.1535
10.1518
10.427
10.7574
10.7464
10.7277
11.0544
11.3755
11.6872
11.9963
12.3134
12.6411
12.9663
13.2714
13.5386
13.7986
17.7128
17.4383
17.4169
16.8678
17.1609
16.6771
16.4062
16.1267
15.8075
15.4889
15.1863
14.879
14.559
13.7222
14.0184
14.2395
17.9746
19.9498
19.852
19.8173
19.6365
19.4568
19.4377
19.2435
19.0422
19.9484
19.9406
19.8068
19.6581
19.6097
19.393
19.1769
18.9673
18.754
18.4817
18.223
10.1458
10.4125
10.403
10.3894
10.6978
11.0032
11.3016
11.5952
11.8983
12.231
12.5844
12.9194
13.2079
13.3718
17.9625
17.697
17.6964
17.4454
16.9486
17.2178
16.7625
16.5097
16.2552
15.9985
15.5574
15.7757
15.2838
14.9946
14.6941
14.3874
13.3656
13.6926
13.9588
14.0791
10.1355
10.3733
10.6687
11.0434
11.3824
11.7041
12.0158
11.9587
12.2708
12.5803
12.8847
13.1789
13.7586
13.4745
13.0763
13.1293
18.2835
18.3036
18.128
17.839
17.5325
17.4542
16.9962
17.2164
16.5736
16.8336
18.5548
13.9789
14.3036
14.6127
14.9089
15.1946
15.471
15.7352
16.1714
15.9483
16.4294
18.8396
18.8182
18.9115
19.9498
19.852
19.8173
19.6365
19.4568
19.4377
19.2435
19.0422
19.9484
19.9406
19.8068
19.6581
19.6097
19.393
19.1769
18.9673
18.754
18.4817
18.223
10.3733
10.6687
11.0434
11.3824
11.7041
12.0158
11.9587
12.2708
12.5803
12.8847
13.1789
13.7586
13.4745
13.0763
13.1293
18.2835
18.3036
18.128
17.839
17.5325
17.4542
16.9962
17.2164
16.5736
16.8336
18.5548
13.9789
14.3036
14.6127
14.9089
15.1946
15.471
15.7352
16.1714
15.9483
16.4294
18.8396
18.8182
18.9115
10.1355
10.1458
10.4125
10.403
10.3894
10.6978
11.0032
11.3016
11.5952
11.8983
12.231
12.5844
12.9194
13.2079
13.3718
17.9625
17.697
17.6964
17.4454
16.9486
17.2178
16.7625
16.5097
16.2552
15.9985
15.5574
15.7757
15.2838
14.9946
14.6941
14.3874
13.3656
13.6926
13.9588
14.0791
19.9496
19.9396
19.8019
19.6234
19.6138
19.4285
19.2427
19.0651
19.9371
19.799
19.784
19.5892
19.3845
19.1842
19.0134
18.9619
18.7145
18.476
18.2149
10.1414
10.1393
10.1341
10.3669
10.6543
10.9327
11.2032
11.4757
11.7712
12.1897
12.5596
12.9343
13.0016
17.9563
17.9594
17.713
17.482
17.0163
17.2709
16.8392
16.6008
16.3618
16.121
15.8817
15.3814
15.6362
15.1068
14.8185
14.5205
14.2153
13.0271
13.3721
13.7565
13.8989
10.1085
10.2932
10.3476
10.6855
11.0155
11.3379
11.6487
11.5823
11.9032
12.2162
12.5256
12.8243
13.6165
13.4384
13.1397
12.7966
12.8017
18.5362
18.5433
18.3614
18.2989
18.0318
17.7425
17.6463
17.3421
17.084
16.6858
16.9384
18.7778
14.1728
13.8838
14.4625
14.7478
15.0266
15.2974
15.5582
15.8048
16.2945
16.0493
16.546
19.0091
19.0503
19.1052
19.9496
19.9396
19.8019
19.6234
19.6138
19.4285
19.2427
19.0651
19.9371
19.799
19.784
19.5892
19.3845
19.1842
19.0134
18.9619
18.7145
18.476
18.2149
10.1085
10.2932
10.3476
10.6855
11.0155
11.3379
11.6487
11.5823
11.9032
12.2162
12.5256
12.8243
13.6165
13.4384
13.1397
12.7966
12.8017
18.5362
18.5433
18.3614
18.2989
18.0318
17.7425
17.6463
17.3421
17.084
16.6858
16.9384
18.7778
14.1728
13.8838
14.4625
14.7478
15.0266
15.2974
15.5582
15.8048
16.2945
16.0493
16.546
19.0091
19.0503
19.1052
10.1414
10.1393
10.1341
10.3669
10.6543
10.9327
11.2032
11.4757
11.7712
12.1897
12.5596
12.9343
13.0016
17.9563
17.9594
17.713
17.482
17.0163
17.2709
16.8392
16.6008
16.3618
16.121
15.8817
15.3814
15.6362
15.1068
14.8185
14.5205
14.2153
13.0271
13.3721
13.7565
13.8989
19.934
19.7939
19.789
19.6089
19.4274
19.2517
19.9318
19.9264
19.7757
19.5815
19.382
19.1815
19.1679
18.9425
18.7045
18.4631
18.2112
10.1233
10.3344
10.5899
10.8313
11.07
11.297
11.447
11.8151
12.1755
12.5538
12.7267
18.215
17.9719
17.7396
17.5228
17.0799
17.3229
16.9129
16.685
16.4569
16.2262
15.9911
15.7481
15.4946
15.2241
14.9419
14.6482
14.3499
14.0451
12.6775
12.9734
13.2203
13.565
13.7323
10.1041
10.1147
10.349
10.6597
10.9812
11.2866
11.1716
11.5326
11.8489
12.1611
12.4837
13.3946
13.1881
13.644
12.8093
12.4655
12.4598
18.7639
18.7577
18.5368
18.5126
18.2508
17.9626
17.4431
17.8949
17.6615
17.1906
16.7981
17.0496
18.988
14.326
14.0517
13.7867
14.601
14.8736
15.141
15.4012
15.6545
15.9048
16.4037
16.1539
16.6586
19.2022
19.2201
19.2442
19.934
19.7939
19.789
19.6089
19.4274
19.2517
19.9318
19.9264
19.7757
19.5815
19.382
19.1815
19.1679
18.9425
18.7045
18.4631
18.2112
10.1041
10.1147
10.349
10.6597
10.9812
11.2866
11.1716
11.5326
11.8489
12.1611
12.4837
13.3946
13.1881
13.644
12.8093
12.4655
12.4598
18.7639
18.7577
18.5368
18.5126
18.2508
17.9626
17.4431
17.8949
17.6615
17.1906
16.7981
17.0496
18.988
14.326
14.0517
13.7867
14.601
14.8736
15.141
15.4012
15.6545
15.9048
16.4037
16.1539
16.6586
19.2022
19.2201
19.2442
10.1233
10.3344
10.5899
10.8313
11.07
11.297
11.447
11.8151
12.1755
12.5538
12.7267
18.215
17.9719
17.7396
17.5228
17.0799
17.3229
16.9129
16.685
16.4569
16.2262
15.9911
15.7481
15.4946
15.2241
14.9419
14.6482
14.3499
14.0451
12.6775
12.9734
13.2203
13.565
13.7323
19.9312
19.9294
19.786
19.6058
19.4246
19.9239
19.7722
19.5788
19.3789
19.3784
19.1664
18.9435
18.7071
18.4607
10.1042
10.2838
10.479
10.704
10.8796
11.1275
11.1555
11.4778
11.8037
12.1113
12.3548
18.4656
18.2264
17.9946
17.7706
17.5641
17.1439
17.3797
16.7658
16.9853
16.5459
16.3238
16.0973
15.864
15.6226
15.3669
15.0721
14.7673
14.4776
14.1837
13.8847
12.3387
12.6276
12.879
13.4107
13.0858
13.58
10.1
10.303
10.6216
10.9636
10.7581
10.8575
11.1929
11.494
11.766
12.1275
13.2638
13.5237
13.1323
12.8059
12.4462
12.118
12.1037
18.978
18.9716
18.7493
18.7466
18.5068
18.225
17.2982
17.5403
17.7871
18.0509
16.9134
17.1673
19.1932
14.1941
14.462
13.927
13.6607
14.7292
14.994
15.2536
15.5081
15.7594
16.0083
16.2552
16.5039
16.7746
19.3993
19.4047
19.4155
19.9312
19.9294
19.786
19.6058
19.4246
19.9239
19.7722
19.5788
19.3789
19.3784
19.1664
18.9435
18.7071
18.4607
10.1
10.303
10.6216
10.9636
10.7581
10.8575
11.1929
11.494
11.766
12.1275
13.2638
13.5237
13.1323
12.8059
12.4462
12.118
12.1037
18.978
18.9716
18.7493
18.7466
18.5068
18.225
17.2982
17.5403
17.7871
18.0509
16.9134
17.1673
19.1932
14.1941
14.462
13.927
13.6607
14.7292
14.994
15.2536
15.5081
15.7594
16.0083
16.2552
16.5039
16.7746
19.3993
19.4047
19.4155
10.1042
10.2838
10.479
10.704
10.8796
11.1275
11.1555
11.4778
11.8037
12.1113
12.3548
18.4656
18.2264
17.9946
17.7706
17.5641
17.1439
17.3797
16.7658
16.9853
16.5459
16.3238
16.0973
15.864
15.6226
15.3669
15.0721
14.7673
14.4776
14.1837
13.8847
12.3387
12.6276
12.879
13.4107
13.0858
13.58
19.9282
19.784
19.6018
19.9232
19.7714
19.579
19.5846
19.3889
19.1823
18.9566
18.7129
10.0764
10.2062
10.221
10.402
10.5163
10.5601
10.8478
10.8549
11.1646
11.4697
11.76
11.9928
12.0272
18.4753
18.2481
18.0291
17.7801
17.6349
17.2049
17.4215
16.8462
16.6325
17.0592
16.4171
16.1988
15.9759
15.7474
15.5142
15.2761
14.8557
15.0688
14.5921
14.3125
14.0243
13.7326
12.0177
12.3101
12.5637
12.7664
13.264
12.9482
13.4391
10.0458
10.0863
10.2731
10.3678
10.5614
10.5453
10.8949
11.1901
11.4102
11.4481
11.773
13.1315
13.396
12.9898
12.4133
12.7357
12.0723
11.7631
11.748
19.1879
19.1832
18.9683
18.9744
18.7693
18.5676
18.3319
17.4126
17.6562
17.903
18.1519
17.0467
17.292
19.4015
14.0649
14.3283
14.5899
13.7964
13.5292
14.851
15.1102
15.3657
15.6179
15.8669
16.1106
16.3479
16.5763
16.9548
16.7642
19.5994
19.5945
19.597
19.9282
19.784
19.6018
19.9232
19.7714
19.579
19.5846
19.3889
19.1823
18.9566
18.7129
10.0458
10.0863
10.2731
10.3678
10.5614
10.5453
10.8949
11.1901
11.4102
11.4481
11.773
13.1315
13.396
12.9898
12.4133
12.7357
12.0723
11.7631
11.748
19.1879
19.1832
18.9683
18.9744
18.7693
18.5676
18.3319
17.4126
17.6562
17.903
18.1519
17.0467
17.292
19.4015
14.0649
14.3283
14.5899
13.7964
13.5292
14.851
15.1102
15.3657
15.6179
15.8669
16.1106
16.3479
16.5763
16.9548
16.7642
19.5994
19.5945
19.597
10.0764
10.2062
10.221
10.402
10.5163
10.5601
10.8478
10.8549
11.1646
11.4697
11.76
11.9928
12.0272
18.4753
18.2481
18.0291
17.7801
17.6349
17.2049
17.4215
16.8462
16.6325
17.0592
16.4171
16.1988
15.9759
15.7474
15.5142
15.2761
14.8557
15.0688
14.5921
14.3125
14.0243
13.7326
12.0177
12.3101
12.5637
12.7664
13.264
12.9482
13.4391
19.9275
19.7822
19.9239
19.7734
19.7798
19.6006
19.4212
19.2275
18.9593
18.7167
10.0633
10.0588
10.1843
10.2426
10.2778
10.2768
10.529
10.5716
10.8656
11.16
11.4502
11.7298
11.7217
18.4884
18.2928
18.2138
17.9171
17.7982
17.6011
17.2705
17.476
16.7177
16.9273
16.5075
17.137
16.2955
16.0806
15.8613
15.638
15.4125
15.1859
14.705
14.9497
14.4365
14.1557
13.8667
13.5817
11.7036
12.0024
12.3012
12.4595
12.6315
13.117
12.7922
13.3377
10.1053
10.0989
10.2721
10.2979
10.2343
10.6299
10.9596
11.1729
11.1347
11.4006
13.0012
13.2624
12.8659
12.3081
12.59
12.0024
11.6967
11.4271
11.4029
19.398
19.3892
19.182
19.1895
18.9959
18.8348
18.8113
18.607
18.3947
17.5309
17.7687
18.0063
18.2412
17.1811
17.4136
19.6247
14.2029
13.9449
14.4566
14.7104
13.6624
13.3815
14.9651
15.2237
15.4793
15.733
15.9782
16.2149
16.4408
16.6532
17.0716
16.8635
19.7852
19.7993
19.7816
19.9275
19.7822
19.9239
19.7734
19.7798
19.6006
19.4212
19.2275
18.9593
18.7167
10.1053
10.0989
10.2721
10.2979
10.2343
10.6299
10.9596
11.1729
11.1347
11.4006
13.0012
13.2624
12.8659
12.3081
12.59
12.0024
11.6967
11.4271
11.4029
19.398
19.3892
19.182
19.1895
18.9959
18.8348
18.8113
18.607
18.3947
17.5309
17.7687
18.0063
18.2412
17.1811
17.4136
19.6247
14.2029
13.9449
14.4566
14.7104
13.6624
13.3815
14.9651
15.2237
15.4793
15.733
15.9782
16.2149
16.4408
16.6532
17.0716
16.8635
19.7852
19.7993
19.7816
10.0633
10.0588
10.1843
10.2426
10.2778
10.2768
10.529
10.5716
10.8656
11.16
11.4502
11.7298
11.7217
18.4884
18.2928
18.2138
17.9171
17.7982
17.6011
17.2705
17.476
16.7177
16.9273
16.5075
17.137
16.2955
16.0806
15.8613
15.638
15.4125
15.1859
14.705
14.9497
14.4365
14.1557
13.8667
13.5817
11.7036
12.0024
12.3012
12.4595
12.6315
13.117
12.7922
13.3377
19.9272
19.9264
19.9312
19.7924
19.6335
19.4997
19.4235
19.1857
18.9489
18.7162
10.0639
10.0843
10.0922
10.0824
10.2295
10.2854
10.3065
10.5816
10.8642
11.1494
11.433
11.4178
18.4852
18.489
18.2847
18.0381
17.8974
17.6849
17.3464
17.5574
16.8033
16.597
17.01
16.39
17.219
16.1809
15.9684
15.7516
15.5302
15.3049
15.0713
14.5765
14.8293
14.2857
13.9853
13.6968
13.3807
11.395
11.6646
11.8812
12.1541
12.3109
12.4871
13.1575
12.9147
12.6328
10.0424
10.0745
10.0893
10.0849
10.2915
10.585
10.8883
10.8437
11.057
11.1068
13.1259
12.874
12.7399
12.479
12.229
12.0804
11.589
11.8715
11.3317
11.1084
11.0727
19.595
19.5876
19.3886
19.396
19.2013
19.0098
19.0137
18.8473
18.7952
18.5997
18.4754
17.6447
17.8778
18.1058
18.3322
17.288
17.5263
19.7982
19.8367
14.0917
14.3324
13.853
14.5772
14.8198
13.4642
13.6558
13.2341
15.0659
15.3387
15.6105
15.8572
16.0932
16.3231
16.5417
16.7567
17.1638
16.9635
19.9287
19.9341
19.9446
19.9272
19.9264
19.9312
19.7924
19.6335
19.4997
19.4235
19.1857
18.9489
18.7162
10.0424
10.0745
10.0893
10.0849
10.2915
10.585
10.8883
10.8437
11.057
11.1068
13.1259
12.874
12.7399
12.479
12.229
12.0804
11.589
11.8715
11.3317
11.1084
11.0727
19.595
19.5876
19.3886
19.396
19.2013
19.0098
19.0137
18.8473
18.7952
18.5997
18.4754
17.6447
17.8778
18.1058
18.3322
17.288
17.5263
19.7982
19.8367
14.0917
14.3324
13.853
14.5772
14.8198
13.4642
13.6558
13.2341
15.0659
15.3387
15.6105
15.8572
16.0932
16.3231
16.5417
16.7567
17.1638
16.9635
19.9287
19.9341
19.9446
10.0639
10.0843
10.0922
10.0824
10.2295
10.2854
10.3065
10.5816
10.8642
11.1494
11.433
11.4178
18.4852
18.489
18.2847
18.0381
17.8974
17.6849
17.3464
17.5574
16.8033
16.597
17.01
16.39
17.219
16.1809
15.9684
15.7516
15.5302
15.3049
15.0713
14.5765
14.8293
14.2857
13.9853
13.6968
13.3807
11.395
11.6646
11.8812
12.1541
12.3109
12.4871
13.1575
12.9147
12.6328
19.9379
19.8095
19.679
19.6362
19.6064
19.3958
19.1717
18.9437
18.7165
10.0831
10.0994
10.1043
10.3065
10.5751
10.8557
11.1359
11.1207
18.7272
18.5232
18.1195
18.3431
17.9804
17.769
17.4301
17.6421
16.8883
16.6857
16.4826
17.0928
16.2786
17.3013
16.0718
15.8614
15.645
15.4196
15.1912
14.9558
14.4853
14.7203
14.2812
14.0726
13.817
13.5493
13.2669
13.0493
11.1003
11.3683
11.636
11.9492
12.1791
12.3553
12.7508
12.4892
10.046
10.0939
10.3077
10.5708
10.8268
10.8254
12.9976
12.7564
12.6218
12.3714
12.1185
11.9778
11.3784
11.1999
11.7098
10.996
10.8075
10.7679
19.7835
19.7803
19.5892
19.5996
19.4085
19.208
19.2063
19.0073
18.9873
18.7439
18.567
17.7659
17.9862
18.2033
18.421
17.3591
17.6868
17.522
19.9441
19.9334
13.9703
14.2151
14.4625
13.7548
14.6891
14.9113
13.332
13.5424
13.113
15.1283
15.52
15.3064
15.7582
15.9806
16.2004
16.4344
16.6621
16.8649
17.2482
17.06
19.9379
19.8095
19.679
19.6362
19.6064
19.3958
19.1717
18.9437
18.7165
10.046
10.0939
10.3077
10.5708
10.8268
10.8254
12.9976
12.7564
12.6218
12.3714
12.1185
11.9778
11.3784
11.1999
11.7098
10.996
10.8075
10.7679
19.7835
19.7803
19.5892
19.5996
19.4085
19.208
19.2063
19.0073
18.9873
18.7439
18.567
17.7659
17.9862
18.2033
18.421
17.3591
17.6868
17.522
19.9441
19.9334
13.9703
14.2151
14.4625
13.7548
14.6891
14.9113
13.332
13.5424
13.113
15.1283
15.3064
15.52
15.7582
15.9806
16.2004
16.4344
16.6621
16.8649
17.2482
17.06
10.0831
10.0994
10.1043
10.3065
10.5751
10.8557
11.1359
11.1207
18.7272
18.5232
18.1195
18.3431
17.9804
17.769
17.4301
17.6421
16.8883
16.6857
16.4826
17.0928
16.2786
17.3013
16.0718
15.8614
15.645
15.4196
15.1912
14.9558
14.4853
14.7203
14.2812
14.0726
13.817
13.5493
13.2669
13.0493
11.1003
11.3683
11.636
11.9492
12.1791
12.3553
12.7508
12.4892
19.9419
19.811
19.7972
19.7905
19.5989
19.3925
19.1684
18.9454
10.0919
10.2813
10.5693
10.8462
10.8339
18.9542
18.7496
18.5617
18.1924
18.4014
17.8542
18.0643
17.5144
17.7285
16.9721
16.7733
16.5743
16.3743
17.1725
16.1729
17.3763
15.9691
15.7614
15.546
15.3054
15.0635
14.84
14.403
14.6201
14.1587
13.9165
13.6857
13.461
13.277
13.1008
13.0234
12.8266
10.8136
11.0753
11.3409
11.6127
11.8715
12.0853
12.2393
12.5933
12.3625
10.1048
10.3055
10.5606
10.5442
12.888
12.6569
12.5091
12.2586
12.0008
11.8631
11.609
11.1647
11.3933
10.9929
10.8686
10.6986
10.5237
10.4941
19.9286
19.9285
19.7846
19.8002
19.6299
19.4103
19.4027
19.1999
19.2003
18.9922
18.8004
18.6402
17.8842
18.088
18.2966
18.5048
17.4286
17.7915
17.6108
14.0438
13.8438
14.3852
14.2138
14.5872
13.6381
14.792
14.9936
13.4297
13.2206
13.0092
15.1856
15.6933
15.5321
15.3732
15.8858
16.0825
16.2747
16.595
16.4358
16.7808
16.9676
17.3356
17.1529
19.9419
19.811
19.7972
19.7905
19.5989
19.3925
19.1684
18.9454
10.1048
10.3055
10.5606
10.5442
12.888
12.6569
12.5091
12.2586
12.0008
11.8631
11.609
11.1647
11.3933
10.9929
10.8686
10.6986
10.5237
10.4941
19.9286
19.9285
19.7846
19.8002
19.6299
19.4103
19.4027
19.1999
19.2003
18.9922
18.8004
18.6402
17.8842
18.088
18.2966
18.5048
17.4286
17.7915
17.6108
14.0438
13.8438
14.3852
14.2138
14.5872
13.6381
14.792
14.9936
13.4297
13.2206
13.0092
15.1856
15.3732
15.6933
15.5321
15.8858
16.0825
16.2747
16.595
16.4358
16.7808
16.9676
17.3356
17.1529
10.0919
10.2813
10.5693
10.8462
10.8339
18.9542
18.7496
18.5617
18.1924
18.4014
17.8542
18.0643
17.5144
17.7285
16.9721
16.7733
16.5743
16.3743
17.1725
16.1729
17.3763
15.9691
15.7614
15.546
15.3054
15.0635
14.84
14.403
14.6201
14.1587
13.9165
13.6857
13.461
13.277
13.1008
13.0234
12.8266
10.8136
11.0753
11.3409
11.6127
11.8715
12.0853
12.2393
12.5933
12.3625
19.939
19.934
19.9348
19.7998
19.6222
19.3905
19.1696
10.0447
10.0908
10.302
10.5676
10.5578
19.1744
18.9695
18.7721
18.6025
18.2701
18.4707
17.9473
18.156
17.5974
17.8269
16.8613
17.0545
16.6662
16.4697
16.2718
17.2443
16.0727
17.4279
15.8724
15.672
15.4738
15.136
15.3047
14.9359
14.7311
14.3244
14.5267
13.9824
14.1525
13.7812
13.5771
13.3786
13.18
12.9828
12.8938
12.6865
10.5355
10.7831
11.046
11.3033
11.558
11.8279
11.9982
12.1334
12.4731
12.2577
10.1028
10.295
10.2618
12.7979
12.5913
12.4028
12.1375
11.8764
11.7536
11.5169
11.0559
11.285
10.8992
10.6771
10.6898
10.5914
10.4445
10.2697
10.2546
19.9334
19.9443
19.8386
19.8022
19.6034
19.598
19.403
19.416
19.2146
19.0255
18.8576
18.7151
17.9797
18.1739
18.3864
18.6009
17.518
17.879
17.6995
14.121
13.9331
13.7343
14.4936
14.3048
14.6915
13.5309
14.8901
15.0839
13.3253
13.1185
12.9119
15.2714
15.7976
15.6196
15.448
15.9856
16.1732
16.3506
16.697
16.5223
16.8794
17.0629
17.4271
17.2456
19.939
19.934
19.9348
19.7998
19.6222
19.3905
19.1696
10.1028
10.295
10.2618
12.7979
12.5913
12.4028
12.1375
11.8764
11.7536
11.5169
11.0559
11.285
10.8992
10.6771
10.6898
10.5914
10.4445
10.2697
10.2546
19.9334
19.9443
19.8386
19.8022
19.6034
19.598
19.403
19.416
19.2146
19.0255
18.8576
18.7151
17.9797
18.1739
18.3864
18.6009
17.518
17.879
17.6995
14.121
13.9331
13.7343
14.4936
14.3048
14.6915
13.5309
14.8901
15.0839
13.3253
13.1185
12.9119
15.2714
15.448
15.7976
15.6196
15.9856
16.1732
16.3506
16.697
16.5223
16.8794
17.0629
17.4271
17.2456
10.0447
10.0908
10.302
10.5676
10.5578
19.1744
18.9695
18.7721
18.6025
18.2701
18.4707
17.9473
18.156
17.5974
17.8269
16.8613
17.0545
16.6662
16.4697
16.2718
17.2443
16.0727
17.4279
15.8724
15.672
15.4738
15.136
15.3047
14.9359
14.7311
14.3244
14.5267
13.9824
14.1525
13.7812
13.5771
13.3786
13.18
12.9828
12.8938
12.6865
10.5355
10.7831
11.046
11.3033
11.558
11.8279
11.9982
12.1334
12.4731
12.2577
19.944
19.8363
19.7973
19.5931
19.3846
10.1031
10.3032
10.293
19.3884
19.1889
18.9843
18.7744
18.6642
18.3588
18.5523
18.0516
18.2656
17.7323
17.579
17.9069
16.7599
16.9518
17.1399
16.5658
16.37
16.1728
17.322
15.9746
17.4915
15.7766
15.5811
15.3948
15.0254
15.2129
14.8283
14.6283
14.2413
14.4297
13.8707
14.0585
13.6736
13.4753
13.2775
13.0796
12.8806
12.7809
12.5774
10.2666
10.483
10.7594
11.0101
11.2361
11.6246
11.4038
11.7705
11.9039
12.0383
12.3724
12.1681
10.0871
10.081
10.0409
12.709
12.5175
12.419
12.2434
12.0421
11.699
11.8697
11.6261
11.4016
11.1826
10.9668
10.8226
10.6482
10.4289
10.4535
10.4465
10.3842
10.2311
10.0869
10.0799
19.9448
19.9347
19.7894
19.7903
19.6068
19.6405
19.4283
19.2386
19.0691
18.9199
18.7943
18.058
18.2328
18.3792
18.5264
18.6974
17.6073
17.963
17.7862
19.944
19.8363
19.7973
19.5931
19.3846
10.0871
10.081
10.0409
12.709
12.5175
12.419
12.2434
12.0421
11.699
11.8697
11.6261
11.4016
11.1826
10.9668
10.8226
10.6482
10.4289
10.4535
10.4465
10.3842
10.2311
10.0869
10.0799
19.9448
19.9347
19.7894
19.7903
19.6068
19.6405
19.4283
19.2386
19.0691
18.9199
18.7943
18.058
18.2328
18.3792
18.5264
18.6974
17.6073
17.963
17.7862
10.1031
10.3032
10.293
19.3884
19.1889
18.9843
18.7744
18.6642
18.3588
18.5523
18.0516
18.2656
17.7323
17.579
17.9069
16.7599
16.9518
17.1399
16.5658
16.37
16.1728
17.322
15.9746
17.4915
15.7766
15.5811
15.3948
15.0254
15.2129
14.8283
14.6283
14.2413
14.4297
13.8707
14.0585
13.6736
13.4753
13.2775
13.0796
12.8806
12.7809
12.5774
10.2666
10.483
10.7594
11.0101
11.2361
11.6246
11.4038
11.7705
11.9039
12.0383
12.3724
12.1681
19.9438
19.9327
19.7825
19.5872
10.1035
10.0946
19.5922
19.4059
19.2272
19.0698
18.8632
18.7434
18.4557
18.6385
18.2026
18.0556
18.3753
17.6549
17.8174
17.9781
12.6793
12.4767
10.0768
10.2115
10.2549
10.5018
10.7406
10.9635
11.1531
11.5418
11.3115
11.6766
11.7973
11.9677
12.2744
12.0758
12.3321
12.1455
11.9598
11.7766
11.5884
11.4967
11.2913
11.0858
10.8821
10.7523
10.5923
10.4157
10.2371
10.2255
10.2392
10.228
10.0734
19.931
19.935
19.8053
19.8107
19.8442
19.6229
19.4404
19.2716
19.1208
18.9836
18.8676
18.1361
18.299
18.4566
18.6161
18.7807
19.9438
19.9327
19.7825
19.5872
12.3321
12.1455
11.9598
11.7766
11.5884
11.4967
11.2913
11.0858
10.8821
10.7523
10.5923
10.4157
10.2371
10.2255
10.2392
10.228
10.0734
19.931
19.935
19.8053
19.8107
19.8442
19.6229
19.4404
19.2716
19.1208
18.9836
18.8676
18.1361
18.299
18.4566
18.6161
18.7807
10.1035
10.0946
19.5922
19.4059
19.2272
19.0698
18.8632
18.7434
18.4557
18.6385
18.2026
18.0556
18.3753
17.6549
17.8174
17.9781
12.6793
12.4767
10.0768
10.2115
10.2549
10.5018
10.7406
10.9635
11.1531
11.5418
11.3115
11.6766
11.7973
11.9677
12.2744
12.0758
19.9274
19.7797
19.7839
19.6072
19.4412
19.2974
19.1245
18.934
18.818
18.5488
18.7208
18.1357
18.2971
18.4655
10.0748
10.0878
10.2657
10.4929
10.7111
10.9086
11.079
11.4468
11.2241
11.5585
11.6313
11.7987
11.8884
11.3901
11.1893
10.9897
10.7935
10.6829
10.5421
10.3577
10.2034
10.0794
10.0751
10.0781
10.0696
19.9462
19.9473
19.9387
19.8032
19.6298
19.4655
19.3157
19.1814
19.0317
18.942
19.9274
19.7797
11.3901
11.1893
10.9897
10.7935
10.6829
10.5421
10.3577
10.2034
10.0794
10.0751
10.0781
10.0696
19.9462
19.9473
19.9387
19.8032
19.6298
19.4655
19.3157
19.1814
19.0317
18.942
19.7839
19.6072
19.4412
19.2974
19.1245
18.934
18.818
18.5488
18.7208
18.1357
18.2971
18.4655
10.0748
10.0878
10.2657
10.4929
10.7111
10.9086
11.079
11.4468
11.2241
11.5585
11.6313
11.7987
11.8884
19.9268
19.9294
19.7934
19.6308
19.4989
19.3073
19.4775
19.1655
18.9947
18.8899
18.6348
18.8022
10.0919
10.2609
10.4729
10.6728
10.8506
11.005
11.3419
11.132
11.4351
11.5222
11.7072
10.6043
10.493
10.3502
10.1803
10.1564
10.0547
19.9373
19.8081
19.6484
19.5032
19.3805
19.3
19.1658
19.0919
19.9268
10.6043
10.493
10.3502
10.1803
10.1564
10.0547
19.9373
19.8081
19.6484
19.5032
19.3805
19.3
19.1658
19.0919
19.9294
19.7934
19.6308
19.4989
19.3073
19.4775
19.1655
18.9947
18.8899
18.6348
18.8022
10.0919
10.2609
10.4729
10.6728
10.8506
11.005
11.3419
11.132
11.4351
11.5222
11.7072
19.9335
19.8033
19.645
19.3314
19.4826
19.6484
19.2121
19.0543
18.9659
10.0893
10.2487
10.4458
10.6276
10.7881
10.9249
11.2358
11.0377
11.3297
10.4253
10.3152
10.1737
10.0523
10.0496
19.9409
19.8199
19.6763
19.5514
19.4539
19.3765
19.2342
10.4253
10.3152
10.1737
10.0523
10.0496
19.9409
19.8199
19.6763
19.5514
19.4539
19.3765
19.2342
19.9335
19.8033
19.645
19.3314
19.4826
19.6484
19.2121
19.0543
18.9659
10.0893
10.2487
10.4458
10.6276
10.7881
10.9249
11.2358
11.0377
11.3297
19.9367
19.8098
19.3607
19.4883
19.66
19.817
19.124
19.2744
10.0832
10.2316
10.4127
10.576
10.7196
10.8415
11.1354
10.943
10.2596
10.1519
10.048
19.947
19.8363
19.7093
19.6042
19.5217
10.2596
10.1519
10.048
19.947
19.8363
19.7093
19.6042
19.5217
19.9367
19.8098
19.3607
19.4883
19.66
19.817
19.124
19.2744
10.0832
10.2316
10.4127
10.576
10.7196
10.8415
11.1354
10.943
19.9394
19.4127
19.4844
19.6215
19.8412
19.7497
19.9462
10.0747
10.2108
10.3724
10.5181
10.6489
10.7544
10.1124
10.0399
19.9542
19.8551
19.7466
19.662
10.1124
10.0399
19.9542
19.8551
19.7466
19.662
19.9394
19.4127
19.4844
19.6215
19.8412
19.7497
19.9462
10.0747
10.2108
10.3724
10.5181
10.6489
10.7544
19.5468
19.6792
19.765
19.9569
19.8673
10.0636
10.1829
10.3128
10.4631
10.5718
10.0237
19.9617
19.8775
19.793
10.0237
19.9617
19.8775
19.793
19.5468
19.6792
19.765
19.9569
19.8673
10.0636
10.1829
10.3128
10.4631
10.5718
19.8066
19.8865
19.9651
10.0483
10.1371
10.2943
10.1536
10.4004
19.9691
19.9104
19.9691
19.9104
19.8066
19.8865
19.9651
10.0483
10.1371
10.2943
10.1536
10.4004
19.9164
19.9714
10.0417
10.2435
10.141
10.0423
19.982
19.982
19.9164
19.9714
10.0417
10.2435
10.141
10.0423
19.9831
10.1047
10.0369
19.9831
10.1047
10.0369
10.022
10.022
)
;

boundaryField
{
    frontAndBack
    {
        type            empty;
    }
    interno
    {
        type            fixedValue;
        value           uniform 10;
    }
    externo
    {
        type            fixedValue;
        value           uniform 20;
    }
    symHor
    {
        type            symmetryPlane;
    }
    symVert
    {
        type            symmetryPlane;
    }
}


// ************************************************************************* //
