/*--------------------------------*- C++ -*----------------------------------*\
| =========                 |                                                 |
| \\      /  F ield         | OpenFOAM: The Open Source CFD Toolbox           |
|  \\    /   O peration     | Version:  2.4.x                                 |
|   \\  /    A nd           | Web:      www.OpenFOAM.org                      |
|    \\/     M anipulation  |                                                 |
\*---------------------------------------------------------------------------*/
FoamFile
{
    version     2.0;
    format      ascii;
    class       pointSet;
    location    "constant/polyMesh/sets";
    object      nonAlignedEdges;
}
// * * * * * * * * * * * * * * * * * * * * * * * * * * * * * * * * * * * * * //


207
(
19968 
19970 
1030 
19976 
19464 
19469 
19983 
19471 
19474 
19479 
19481 
19482 
19483 
19489 
19492 
19494 
19495 
19496 
19500 
19501 
19502 
19508 
19511 
19513 
19514 
19515 
19519 
19525 
19528 
19534 
19538 
19539 
7770 
19547 
19552 
19556 
19567 
19569 
19571 
19574 
19579 
19583 
19584 
19597 
19599 
19604 
19605 
20121 
20125 
20130 
19629 
19631 
19633 
19638 
19639 
20151 
20158 
20159 
19650 
20163 
19651 
19653 
20168 
20172 
19666 
20178 
20179 
20182 
19671 
20184 
20187 
20188 
20190 
20193 
19683 
20196 
19692 
20205 
20206 
19698 
20210 
20214 
19703 
20220 
7420 
19710 
20223 
20225 
19716 
19717 
19718 
20232 
20234 
19723 
20240 
20244 
20248 
19737 
20251 
20255 
19743 
20259 
20261 
20262 
19751 
19752 
20274 
20279 
20282 
20283 
19771 
19264 
19776 
19778 
19783 
20295 
20296 
19784 
19274 
20298 
19790 
19791 
19792 
14160 
19796 
19284 
19798 
20312 
19802 
19292 
19806 
19298 
19811 
1380 
19814 
19818 
19308 
19822 
19314 
19316 
19318 
19320 
19838 
19326 
19845 
19850 
19338 
19851 
19340 
19342 
19855 
19856 
19857 
19347 
19348 
19861 
19863 
19352 
19355 
19874 
19876 
19365 
19880 
19883 
19375 
19887 
19383 
19895 
19899 
19389 
19905 
19907 
19908 
19910 
19399 
19911 
19912 
19405 
19918 
19407 
19919 
19409 
19411 
19417 
19929 
19930 
19934 
19935 
19937 
19939 
19429 
19431 
19433 
19945 
19438 
19439 
19952 
19953 
13810 
19954 
19443 
19447 
19960 
19449 
19452 
19965 
19967 
)

// ************************************************************************* //
